VARIABLES = x nde ndi rho phi ef
ZONE I=101 T=ZONE_000000
0 1.0002e+016 1.0002e+016 0 0 -0
0.0001 1e+016 1e+016 0 0 -0
0.0002 1e+016 1e+016 0 0 -0
0.0003 1e+016 1e+016 0 0 -0
0.0004 1e+016 1e+016 0 0 -0
0.0005 1e+016 1e+016 0 0 -0
0.0006 1e+016 1e+016 0 0 -0
0.0007 1e+016 1e+016 0 0 -0
0.0008 1e+016 1e+016 0 0 -0
0.0009 1e+016 1e+016 0 0 -0
0.001 1e+016 1e+016 0 0 -0
0.0011 1e+016 1e+016 0 0 -0
0.0012 1e+016 1e+016 0 0 -0
0.0013 1e+016 1e+016 0 0 -0
0.0014 1e+016 1e+016 0 0 -0
0.0015 1e+016 1e+016 0 0 -0
0.0016 1e+016 1e+016 0 0 -0
0.0017 1e+016 1e+016 0 0 -0
0.0018 1e+016 1e+016 0 0 -0
0.0019 1e+016 1e+016 0 0 -0
0.002 1e+016 1e+016 0 0 -0
0.0021 1e+016 1e+016 0 0 -0
0.0022 1e+016 1e+016 0 0 -0
0.0023 1e+016 1e+016 0 0 -0
0.0024 1e+016 1e+016 0 0 -0
0.0025 1e+016 1e+016 0 0 -0
0.0026 1e+016 1e+016 0 0 -0
0.0027 1e+016 1e+016 0 0 -0
0.0028 1e+016 1e+016 0 0 -0
0.0029 1e+016 1e+016 0 0 -0
0.003 1e+016 1e+016 0 0 -0
0.0031 1e+016 1e+016 0 0 -0
0.0032 1e+016 1e+016 0 0 -0
0.0033 1e+016 1e+016 0 0 -0
0.0034 1e+016 1e+016 0 0 -0
0.0035 1e+016 1e+016 0 0 -0
0.0036 1e+016 1e+016 0 0 -0
0.0037 1e+016 1e+016 0 0 -0
0.0038 1e+016 1e+016 0 0 -0
0.0039 1e+016 1e+016 0 0 -0
0.004 1e+016 1e+016 0 0 -0
0.0041 1e+016 1e+016 0 0 -0
0.0042 1e+016 1e+016 0 0 -0
0.0043 1e+016 1e+016 0 0 -0
0.0044 1e+016 1e+016 0 0 -0
0.0045 1e+016 1e+016 0 0 -0
0.0046 1e+016 1e+016 0 0 -0
0.0047 1e+016 1e+016 0 0 -0
0.0048 1e+016 1e+016 0 0 -0
0.0049 1e+016 1e+016 0 0 -0
0.005 1e+016 1e+016 0 0 -0
0.0051 1e+016 1e+016 0 0 -0
0.0052 1e+016 1e+016 0 0 -0
0.0053 1e+016 1e+016 0 0 -0
0.0054 1e+016 1e+016 0 0 -0
0.0055 1e+016 1e+016 0 0 -0
0.0056 1e+016 1e+016 0 0 -0
0.0057 1e+016 1e+016 0 0 -0
0.0058 1e+016 1e+016 0 0 -0
0.0059 1e+016 1e+016 0 0 -0
0.006 1e+016 1e+016 0 0 -0
0.0061 1e+016 1e+016 0 0 -0
0.0062 1e+016 1e+016 0 0 -0
0.0063 1e+016 1e+016 0 0 -0
0.0064 1e+016 1e+016 0 0 -0
0.0065 1e+016 1e+016 0 0 -0
0.0066 1e+016 1e+016 0 0 -0
0.0067 1e+016 1e+016 0 0 -0
0.0068 1e+016 1e+016 0 0 -0
0.0069 1e+016 1e+016 0 0 -0
0.007 1e+016 1e+016 0 0 -0
0.0071 1e+016 1e+016 0 0 -0
0.0072 1e+016 1e+016 0 0 -0
0.0073 1e+016 1e+016 0 0 -0
0.0074 1e+016 1e+016 0 0 -0
0.0075 1e+016 1e+016 0 0 -0
0.0076 1e+016 1e+016 0 0 -0
0.0077 1e+016 1e+016 0 0 -0
0.0078 1e+016 1e+016 0 0 -0
0.0079 1e+016 1e+016 0 0 -0
0.008 1e+016 1e+016 0 0 -0
0.0081 1e+016 1e+016 0 0 -0
0.0082 1e+016 1e+016 0 0 -0
0.0083 1e+016 1e+016 0 0 -0
0.0084 1e+016 1e+016 0 0 -0
0.0085 1e+016 1e+016 0 0 -0
0.0086 1e+016 1e+016 0 0 -0
0.0087 1e+016 1e+016 0 0 -0
0.0088 1e+016 1e+016 0 0 -0
0.0089 1e+016 1e+016 0 0 -0
0.009 1e+016 1e+016 0 0 -0
0.0091 1e+016 1e+016 0 0 -0
0.0092 1e+016 1e+016 0 0 -0
0.0093 1e+016 1e+016 0 0 -0
0.0094 1e+016 1e+016 0 0 -0
0.0095 1e+016 1e+016 0 0 -0
0.0096 1e+016 1e+016 0 0 -0
0.0097 1e+016 1e+016 0 0 -0
0.0098 1e+016 1e+016 0 0 -0
0.0099 1e+016 1e+016 0 0 -0
0.01 9.998e+015 9.998e+015 0 0 -0
ZONE I=101 T=ZONE_001000
0 1.31596e+014 8.83741e+015 0.00139483 0 -38653.7
0.0001 1.11037e+015 9.73639e+015 0.00138204 3.86537 -30849.3
0.0002 3.64709e+015 9.75401e+015 0.000978436 6.16985 -17519.5
0.0003 6.61244e+015 9.81674e+015 0.000513386 7.36928 -9095.15
0.0004 8.1874e+015 9.91148e+015 0.000276229 7.98888 -4636.15
0.0005 8.99089e+015 9.95418e+015 0.000154337 8.29651 -2204.73
0.0006 9.62439e+015 1.00302e+016 6.501e-005 8.42982 -966.068
0.0007 9.78915e+015 9.96853e+015 2.87396e-005 8.48972 -436.66
0.0008 9.87014e+015 9.98053e+015 1.7687e-005 8.51716 -174.487
0.0009 9.91597e+015 1.00292e+016 1.81417e-005 8.52462 27.8395
0.001 9.8501e+015 9.98053e+015 2.08968e-005 8.51159 248.292
0.0011 9.95356e+015 1.0024e+016 1.12912e-005 8.47496 430.059
0.0012 1.00004e+016 9.97647e+015 -3.82714e-006 8.42558 472.209
0.0013 9.95187e+015 9.99574e+015 7.02929e-006 8.38052 490.291
0.0014 9.90103e+015 1.0017e+016 1.8578e-005 8.32752 634.897
0.0015 1.00002e+016 9.95033e+015 -7.99555e-006 8.25354 694.657
0.0016 1.00232e+016 1.00649e+016 6.68653e-006 8.18859 687.265
0.0017 1.00604e+016 9.9694e+015 -1.45788e-005 8.11609 642.697
0.0018 1.01957e+016 1.00361e+016 -2.5576e-005 8.06005 415.941
0.0019 1.02907e+016 9.96838e+015 -5.1638e-005 8.0329 -20.0897
0.002 1.0072e+016 1.00262e+016 -7.34532e-006 8.06407 -353.171
0.0021 9.91407e+015 1.00312e+016 1.87596e-005 8.10353 -288.714
0.0022 1.00957e+016 9.94698e+015 -2.3823e-005 8.12181 -317.307
0.0023 1.00458e+016 1.00415e+016 -6.95189e-007 8.16699 -455.763
0.0024 9.87928e+015 9.94108e+015 9.9019e-006 8.21296 -403.772
0.0025 1.0173e+016 9.96075e+015 -3.40096e-005 8.24775 -539.909
0.0026 1.00416e+016 1.00299e+016 -1.86617e-006 8.32094 -742.501
0.0027 9.76044e+015 1.00232e+016 4.20936e-005 8.39625 -515.335
0.0028 9.94337e+015 9.98725e+015 7.0306e-006 8.42401 -237.928
0.0029 1.00291e+016 1.00342e+016 8.11237e-007 8.44383 -193.645
0.003 9.9426e+015 1.00039e+016 9.81546e-006 8.46274 -133.635
0.0031 9.85361e+015 9.9508e+015 1.55705e-005 8.47056 9.72025
0.0032 1.00863e+016 9.9975e+015 -1.42225e-005 8.4608 17.3323
0.0033 9.98017e+015 1.00251e+016 7.19331e-006 8.46709 -22.3619
0.0034 9.91419e+015 9.98248e+015 1.09423e-005 8.46527 80.0506
0.0035 1.02116e+016 1.00292e+016 -2.92354e-005 8.45108 -23.2514
0.0036 1.01224e+016 1.00454e+016 -1.23437e-005 8.46992 -258.05
0.0037 9.96548e+015 9.9811e+015 2.50225e-006 8.50269 -313.625
0.0038 1.01093e+016 9.93541e+015 -2.78608e-005 8.53264 -456.827
0.0039 1.00829e+016 1.00173e+016 -1.05092e-005 8.59406 -673.504
0.004 9.91514e+015 9.9882e+015 1.17043e-005 8.66734 -666.755
0.0041 9.93317e+015 1.00447e+016 1.78683e-005 8.72741 -499.757
0.0042 1.02165e+016 9.96579e+015 -4.01691e-005 8.7673 -625.691
0.0043 9.93524e+015 1.00334e+016 1.57273e-005 8.85255 -763.714
0.0044 9.82662e+015 1.00341e+016 3.32429e-005 8.92004 -487.177
0.0045 1.01175e+016 9.97797e+015 -2.23492e-005 8.94998 -425.66
0.0046 9.89524e+015 9.95179e+015 9.06044e-006 9.00517 -500.702
0.0047 9.94048e+015 9.97833e+015 6.06468e-006 9.05012 -415.29
0.0048 9.84448e+015 9.98621e+015 2.27073e-005 9.08823 -252.814
0.0049 9.96573e+015 1.00354e+016 1.117e-005 9.10069 -61.5066
0.005 9.91381e+015 1.00363e+016 1.96226e-005 9.10053 112.381
0.0051 9.97309e+015 1.00183e+016 7.24825e-006 9.07821 264.122
0.0052 9.94111e+015 9.96473e+015 3.7837e-006 9.04771 326.42
0.0053 9.98244e+015 9.99154e+015 1.45787e-006 9.01293 356.019
0.0054 9.96108e+015 9.95578e+015 -8.49498e-007 8.9765 359.455
0.0055 1.00533e+016 1.0004e+016 -7.88732e-006 8.94104 310.117
0.0056 9.83802e+015 1.00897e+016 4.03219e-005 8.91448 493.277
0.0057 9.90377e+015 9.95529e+015 8.25458e-006 8.84238 767.59
0.0058 1.00391e+016 9.98628e+015 -8.45787e-006 8.76096 766.442
0.0059 1.01172e+016 1.00027e+016 -1.83519e-005 8.68909 615.046
0.006 9.99042e+015 9.97602e+015 -2.30659e-006 8.63795 498.387
0.0061 9.94634e+015 1.0014e+016 1.08369e-005 8.58941 546.557
0.0062 1.01949e+016 1.00571e+016 -2.2078e-005 8.52864 483.078
0.0063 9.99475e+015 9.99713e+015 3.8086e-007 8.4928 360.553
0.0064 9.98515e+015 9.97881e+015 -1.01531e-006 8.45653 356.97
0.0065 1.0083e+016 9.96251e+015 -1.93008e-005 8.4214 242.244
0.0066 1.00784e+016 9.99067e+015 -1.40546e-005 8.40808 53.8841
0.0067 1.00286e+016 9.97299e+015 -8.91306e-006 8.41063 -75.8155
0.0068 1.00165e+016 1.00642e+016 7.64254e-006 8.42324 -82.9902
0.0069 9.94074e+015 1.00359e+016 1.52523e-005 8.42723 46.2981
0.007 9.95528e+015 9.99938e+015 7.06546e-006 8.41398 172.328
0.0071 9.88592e+015 9.94362e+015 9.2445e-006 8.39276 264.431
0.0072 1.0038e+016 1.00178e+016 -3.22225e-006 8.3611 298.439
0.0073 9.8972e+015 9.96812e+015 1.13622e-005 8.33307 344.405
0.0074 9.98732e+015 9.99216e+015 7.74117e-007 8.29222 412.939
0.0075 9.91509e+015 9.99739e+015 1.31857e-005 8.25048 491.771
0.0076 9.954e+015 1.0018e+016 1.02534e-005 8.19386 624.132
0.0077 1.00688e+016 1.00564e+016 -1.9862e-006 8.12566 670.818
0.0078 1.03749e+016 1.00102e+016 -5.84395e-005 8.0597 329.591
0.0079 1.0086e+016 9.96367e+015 -1.95948e-005 8.05974 -111.073
0.008 9.90643e+015 9.9725e+015 1.05863e-005 8.08191 -161.944
0.0081 9.97617e+015 1.00624e+016 1.38207e-005 8.09213 -24.1165
0.0082 1.01552e+016 9.98321e+015 -2.75592e-005 8.08674 -101.698
0.0083 9.95464e+015 9.9551e+015 7.41638e-008 8.11247 -256.907
0.0084 1.01503e+016 1.00214e+016 -2.06467e-005 8.13812 -373.081
0.0085 1.00383e+016 9.99961e+015 -6.19498e-006 8.18709 -524.658
0.0086 9.96622e+015 1.00087e+016 6.80482e-006 8.24305 -521.214
0.0087 1.00653e+016 9.97924e+015 -1.37941e-005 8.29133 -560.683
0.0088 9.91405e+015 9.99654e+015 1.32177e-005 8.35519 -563.937
0.0089 9.92031e+015 9.97779e+015 9.2089e-006 8.40412 -437.294
0.009 9.90563e+015 9.99865e+015 1.49041e-005 8.44264 -301.126
0.0091 9.91551e+015 1.00397e+016 1.9905e-005 8.46434 -104.557
0.0092 9.86018e+015 9.97299e+015 1.80735e-005 8.46356 109.909
0.0093 9.73237e+015 9.98953e+015 4.12019e-005 8.44236 444.641
0.0094 9.61167e+015 9.98194e+015 5.9324e-005 8.37463 1012.31
0.0095 9.156e+015 1.00296e+016 0.000139962 8.2399 2137.69
0.0096 8.23243e+015 9.91673e+015 0.000269854 7.94709 4451.94
0.0097 6.47504e+015 9.86661e+015 0.000543388 7.34951 9044.36
0.0098 3.71979e+015 9.69189e+015 0.000956837 6.13822 17516.2
0.0099 1.12394e+015 9.71366e+015 0.00137622 3.84627 30691.1
0.01 1.25499e+014 8.90126e+015 0.00140603 0 38462.7
ZONE I=101 T=ZONE_002000
0 4.2748e+014 8.37117e+015 0.00127272 0 -35025.6
0.0001 1.60001e+015 8.87539e+015 0.00116565 3.50256 -28443.2
0.0002 3.87306e+015 9.03869e+015 0.000827625 5.68864 -17187.1
0.0003 5.90518e+015 9.3335e+015 0.000549278 6.93999 -9411.68
0.0004 7.75483e+015 9.55626e+015 0.00028862 7.57097 -4680.02
0.0005 8.80108e+015 9.85948e+015 0.000169575 7.87599 -2092.58
0.0006 9.47076e+015 9.94542e+015 7.60489e-005 7.98949 -705.528
0.0007 9.81084e+015 9.94957e+015 2.22271e-005 8.0171 -150.559
0.0008 9.94475e+015 9.95628e+015 1.84779e-006 8.0196 -14.6069
0.0009 9.92443e+015 9.98105e+015 9.07178e-006 8.02002 47.0564
0.001 1.00518e+016 1.00594e+016 1.23304e-006 8.01019 105.248
0.0011 1.00295e+016 9.98591e+015 -6.98952e-006 7.99897 72.7411
0.0012 1.00876e+016 9.97708e+015 -1.77027e-005 7.99564 -66.6967
0.0013 9.93028e+015 1.00041e+016 1.18252e-005 8.01231 -99.887
0.0014 9.94413e+015 9.99436e+015 8.04672e-006 8.01562 12.3306
0.0015 1.00188e+016 9.94899e+015 -1.11927e-005 8.00984 -5.43492
0.0016 9.89274e+015 1.00529e+016 2.56671e-005 8.01671 76.3029
0.0017 1.00254e+016 1.00022e+016 -3.71812e-006 7.99458 200.25
0.0018 1.0027e+016 1.0042e+016 2.39652e-006 7.97666 192.787
0.0019 1.00122e+016 9.96325e+015 -7.84585e-006 7.95602 162.014
0.002 9.95271e+015 1.00563e+016 1.6602e-005 7.94425 211.46
0.0021 9.96974e+015 9.98349e+015 2.20303e-006 7.91373 317.653
0.0022 1.00943e+016 9.9917e+015 -1.64316e-005 7.88072 237.304
0.0023 1.01499e+016 1.00531e+016 -1.5507e-005 7.86627 56.9452
0.0024 9.858e+015 9.90459e+015 7.46373e-006 7.86933 11.5243
0.0025 9.86041e+015 9.88452e+015 3.86395e-006 7.86397 75.4923
0.0026 9.94723e+015 1.00629e+016 1.85279e-005 7.85424 201.94
0.0027 1.023e+016 1.00322e+016 -3.16904e-005 7.82358 127.611
0.0028 1.00701e+016 9.99047e+015 -1.27521e-005 7.82871 -123.358
0.0029 1.00657e+016 1.00805e+016 2.38104e-006 7.84825 -181.923
0.003 1.00533e+016 9.99316e+015 -9.63862e-006 7.8651 -222.907
0.0031 1.00309e+016 9.88868e+015 -2.27895e-005 7.89283 -406.03
0.0032 9.98946e+015 1.00276e+016 6.11311e-006 7.9463 -500.202
0.0033 1.01211e+016 1.00296e+016 -1.46618e-005 7.99287 -548.477
0.0034 1.02105e+016 9.99129e+015 -3.51256e-005 8.056 -829.629
0.0035 9.93822e+015 1.00525e+016 1.83142e-005 8.1588 -924.564
0.0036 9.92242e+015 1.00371e+016 1.83767e-005 8.24091 -717.369
0.0037 9.85546e+015 9.9816e+015 2.02086e-005 8.30227 -499.475
0.0038 9.85624e+015 9.91677e+015 9.69718e-006 8.34081 -330.596
0.0039 9.92146e+015 1.00055e+016 1.34634e-005 8.36839 -199.807
0.004 9.82886e+015 1.00159e+016 2.9964e-005 8.38077 45.4296
0.0041 9.92889e+015 1.00363e+016 1.72035e-005 8.3593 311.786
0.0042 1.00376e+016 9.95675e+015 -1.29475e-005 8.31841 335.82
0.0043 9.97972e+015 1.00855e+016 1.69432e-005 8.29214 358.384
0.0044 1.01344e+016 9.98459e+015 -2.40054e-005 8.24673 318.503
0.0045 9.94582e+015 1.00353e+016 1.43431e-005 8.22844 263.94
0.0046 9.94608e+015 9.8836e+015 -1.00103e-005 8.19395 288.407
0.0047 1.00704e+016 9.94127e+015 -2.06852e-005 8.17076 115.068
0.0048 9.97423e+015 9.99291e+015 2.99331e-006 8.17093 15.1613
0.0049 1.00533e+016 1.00604e+016 1.12758e-006 8.16773 38.4321
0.005 1.02044e+016 1.00664e+016 -2.21113e-005 8.16325 -80.0638
0.0051 9.90688e+015 1.00499e+016 2.29175e-005 8.18374 -75.511
0.0052 9.93569e+015 9.90535e+015 -4.86044e-006 8.17835 26.4581
0.0053 1.0127e+016 1.00123e+016 -1.83746e-005 8.17845 -104.751
0.0054 1.00387e+016 9.91859e+015 -1.92468e-005 8.1993 -317.202
0.0055 1.01333e+016 1.00261e+016 -1.71802e-005 8.24189 -522.907
0.0056 9.8872e+015 1.00901e+016 3.25031e-005 8.30388 -436.378
0.0057 9.96989e+015 9.99434e+015 3.9172e-006 8.32916 -230.711
0.0058 1.00358e+016 9.93982e+015 -1.53795e-005 8.35002 -295.439
0.0059 9.8382e+015 9.98634e+015 2.37347e-005 8.38825 -248.257
0.006 9.80467e+015 1.00099e+016 3.28845e-005 8.39967 71.4743
0.0061 9.94035e+015 9.98431e+015 7.04339e-006 8.37396 296.949
0.0062 1.00956e+016 1.01235e+016 4.46826e-006 8.34028 361.956
0.0063 9.75109e+015 9.98128e+015 3.68802e-005 8.30156 595.452
0.0064 9.96283e+015 9.96818e+015 8.56235e-007 8.22119 808.551
0.0065 1.00673e+016 9.93848e+015 -2.06408e-005 8.13985 696.827
0.0066 9.91414e+015 9.97197e+015 9.26485e-006 8.08183 632.586
0.0067 1.00562e+016 9.95835e+015 -1.56749e-005 8.01334 596.389
0.0068 1.02187e+016 1.01158e+016 -1.64934e-005 7.96255 414.733
0.0069 1.00139e+016 1.0071e+016 9.14715e-006 7.93039 373.249
0.007 9.94853e+015 9.98319e+015 5.55293e-006 7.8879 456.261
0.0071 1.01026e+016 9.88545e+015 -3.47897e-005 7.83914 291.16
0.0072 1.00253e+016 1.00692e+016 7.0356e-006 7.82967 134.431
0.0073 9.97844e+015 9.90395e+015 -1.19346e-005 7.81225 106.766
0.0074 1.0068e+016 1.0037e+016 -4.95874e-006 7.80832 11.3685
0.0075 1.0085e+016 9.95252e+015 -2.12323e-005 7.80998 -136.533
0.0076 1.01457e+016 1.00654e+016 -1.28679e-005 7.83562 -329.099
0.0077 1.00165e+016 1.00509e+016 5.49974e-006 7.8758 -370.707
0.0078 9.98413e+015 1.00363e+016 8.36475e-006 7.90976 -292.414
0.0079 9.96691e+015 9.94082e+015 -4.17933e-006 7.93428 -268.778
0.008 9.80755e+015 1.00118e+016 3.27313e-005 7.96352 -107.544
0.0081 1.00411e+016 1.00408e+016 -4.23418e-008 7.95579 77.0521
0.0082 1.00288e+016 9.96486e+015 -1.02381e-005 7.94811 18.9979
0.0083 1.01007e+016 9.96077e+015 -2.24236e-005 7.95199 -165.444
0.0084 1.00673e+016 9.9986e+015 -1.10089e-005 7.9812 -354.239
0.0085 9.92128e+015 1.00728e+016 2.42827e-005 8.02284 -279.281
0.0086 9.92512e+015 9.9332e+015 1.29438e-006 8.03705 -134.846
0.0087 9.93485e+015 9.98945e+015 8.74809e-006 8.04981 -78.1355
0.0088 9.98572e+015 9.96076e+015 -3.99897e-006 8.05268 -51.3171
0.0089 1.00386e+016 1.00008e+016 -6.0499e-006 8.06007 -108.064
0.009 1.0033e+016 1.00001e+016 -5.27599e-006 8.07429 -172.021
0.0091 9.91724e+015 1.00828e+016 2.6524e-005 8.09447 -52.0329
0.0092 9.83427e+015 9.88135e+015 7.54277e-006 8.0847 140.344
0.0093 9.90012e+015 9.97181e+015 1.1486e-005 8.06641 247.8
0.0094 9.35035e+015 9.93861e+015 9.42496e-005 8.03514 844.894
0.0095 8.72625e+015 9.91349e+015 0.000190216 7.89743 2451.28
0.0096 7.90884e+015 9.64944e+015 0.000278874 7.54488 5100.25
0.0097 6.2568e+015 9.35129e+015 0.000495792 6.87738 9474.82
0.0098 3.72557e+015 8.93044e+015 0.000833914 5.64992 16983.7
0.0099 1.58254e+015 8.82948e+015 0.00116109 3.48063 28249.6
0.01 3.72789e+014 8.51394e+015 0.00130436 0 34806.3
ZONE I=101 T=ZONE_003000
0 4.54631e+014 7.76106e+015 0.00117062 0 -29679.9
0.0001 1.84916e+015 7.75448e+015 0.000946136 2.96799 -24337
0.0002 4.03686e+015 8.10576e+015 0.00065191 4.8674 -15312.8
0.0003 5.99848e+015 8.66536e+015 0.000427282 6.03054 -9218.53
0.0004 7.4904e+015 9.12623e+015 0.000262088 6.71111 -5325.62
0.0005 8.69009e+015 9.62457e+015 0.000149719 7.09567 -3000.13
0.0006 9.27643e+015 9.81478e+015 8.6253e-005 7.31113 -1667.58
0.0007 9.6408e+015 9.84959e+015 3.34507e-005 7.42918 -991.608
0.0008 9.82788e+015 9.9353e+015 1.72095e-005 7.50945 -705.528
0.0009 9.92138e+015 9.97161e+015 8.04783e-006 7.57029 -562.899
0.001 9.93644e+015 1.00842e+016 2.36803e-005 7.62203 -383.729
0.0011 9.85463e+015 9.94006e+015 1.36864e-005 7.64703 -172.718
0.0012 9.74184e+015 1.0022e+016 4.48847e-005 7.65658 158.036
0.0013 1.00661e+016 9.98562e+015 -1.28928e-005 7.61543 338.696
0.0014 1.0015e+016 9.95154e+015 -1.01726e-005 7.58884 208.445
0.0015 9.79353e+015 9.99143e+015 3.17059e-005 7.57374 330.045
0.0016 1.01065e+016 1.00295e+016 -1.23392e-005 7.52283 439.409
0.0017 1.02202e+016 1.00003e+016 -3.52371e-005 7.48586 170.744
0.0018 1.00482e+016 1.00922e+016 7.04182e-006 7.48868 11.5234
0.0019 1.00475e+016 9.93506e+015 -1.80089e-005 7.48355 -50.4084
0.002 9.87606e+015 1.00773e+016 3.22367e-005 7.49876 29.9363
0.0021 1.01938e+016 9.96278e+015 -3.70104e-005 7.47756 2.97913
0.0022 1.01831e+016 1.0004e+016 -2.86848e-005 7.49817 -368.005
0.0023 1.0164e+016 1.00994e+016 -1.03502e-005 7.55116 -588.437
0.0024 1.00126e+016 9.82107e+015 -3.06881e-005 7.61585 -820.182
0.0025 9.82503e+015 9.8558e+015 4.93131e-006 7.7152 -965.631
0.0026 9.8979e+015 1.00888e+016 3.05788e-005 7.80898 -765.104
0.0027 9.94139e+015 1.00281e+016 1.38882e-005 7.86822 -513.997
0.0028 1.00269e+016 9.99634e+015 -4.89441e-006 7.91178 -463.209
0.0029 9.88029e+015 1.01076e+016 3.64143e-005 7.96086 -285.215
0.003 9.74618e+015 9.99951e+015 4.05881e-005 7.96882 149.622
0.0031 1.00578e+016 9.86125e+015 -3.14956e-005 7.93094 200.967
0.0032 9.9778e+015 1.00227e+016 7.19764e-006 7.92863 63.7551
0.0033 9.95941e+015 1.00221e+016 1.00449e-005 7.91819 161.124
0.0034 9.8536e+015 1.00541e+016 3.21267e-005 7.8964 399.269
0.0035 9.98832e+015 1.00272e+016 6.22532e-006 7.83833 615.844
0.0036 9.99138e+015 1.00314e+016 6.40675e-006 7.77323 687.178
0.0037 1.00156e+016 9.9676e+015 -7.69337e-006 7.7009 679.913
0.0038 9.93495e+015 9.93876e+015 6.10369e-007 7.63725 639.915
0.0039 1.00388e+016 9.98001e+015 -9.41085e-006 7.57292 590.218
0.004 1.01507e+016 1.00618e+016 -1.42366e-005 7.51921 456.68
0.0041 1.00737e+016 9.99571e+015 -1.2499e-005 7.48158 305.703
0.0042 9.9311e+015 9.97504e+015 7.03991e-006 7.45807 274.875
0.0043 1.00909e+016 1.00951e+016 6.61408e-007 7.4266 318.364
0.0044 1.00098e+016 9.947e+015 -1.00666e-005 7.39439 265.253
0.0045 1.0173e+016 1.00664e+016 -1.70926e-005 7.37355 111.884
0.0046 1.00054e+016 9.8642e+015 -2.26258e-005 7.37202 -112.407
0.0047 9.93629e+015 9.91515e+015 -3.38614e-006 7.39604 -259.297
0.0048 1.00229e+016 1.00021e+016 -3.33913e-006 7.42388 -297.275
0.0049 9.89099e+015 1.00472e+016 2.50273e-005 7.45549 -174.801
0.005 1.01409e+016 1.01124e+016 -4.57733e-006 7.45884 -59.3188
0.0051 9.89287e+015 1.0063e+016 2.72591e-005 7.46735 68.7664
0.0052 9.88153e+015 9.8863e+015 7.65252e-007 7.44508 227.021
0.0053 1.0018e+016 9.99758e+015 -3.27833e-006 7.42195 212.83
0.0054 1.00168e+016 9.92641e+015 -1.44785e-005 7.40252 112.556
0.0055 9.99883e+015 9.99124e+015 -1.21668e-006 7.39944 23.925
0.0056 1.01126e+016 1.01139e+016 2.00834e-007 7.39773 18.1885
0.0057 1.00821e+016 1.00143e+016 -1.08598e-005 7.3958 -42.0034
0.0058 1.02633e+016 9.93374e+015 -5.28e-005 7.40613 -401.493
0.0059 1.00267e+016 9.9334e+015 -1.49559e-005 7.4761 -784.114
0.006 1.00171e+016 1.00917e+016 1.19543e-005 7.56296 -801.065
0.0061 9.93775e+015 9.92832e+015 -1.51007e-006 7.63631 -742.086
0.0062 1.00185e+016 1.01588e+016 2.24854e-005 7.71137 -623.637
0.0063 9.87881e+015 1.00169e+016 2.21259e-005 7.76104 -371.716
0.0064 1.0075e+016 9.90335e+015 -2.74993e-005 7.78572 -402.059
0.0065 1.00062e+016 9.95832e+015 -7.67017e-006 7.84145 -600.663
0.0066 9.84058e+015 9.94642e+015 1.69571e-005 7.90585 -548.219
0.0067 9.90823e+015 9.95181e+015 6.9815e-006 7.9511 -413.037
0.0068 9.99933e+015 1.01212e+016 1.95306e-005 7.98846 -263.322
0.0069 9.98768e+015 1.01328e+016 2.32533e-005 8.00376 -21.7193
0.007 9.77954e+015 9.96995e+015 3.05076e-005 7.9928 281.871
0.0071 9.84615e+015 9.84563e+015 -8.37694e-008 7.94739 453.676
0.0072 9.82296e+015 1.00846e+016 4.19113e-005 7.90207 689.878
0.0073 1.00539e+016 9.86043e+015 -3.09928e-005 7.80941 751.536
0.0074 1.00408e+016 1.00972e+016 9.04082e-006 7.75176 627.572
0.0075 1.00545e+016 9.88055e+015 -2.78662e-005 7.6839 521.265
0.0076 1.01353e+016 1.01486e+016 2.13058e-006 7.64751 375.935
0.0077 1.00892e+016 9.9928e+015 -1.54415e-005 7.60871 300.768
0.0078 1.01082e+016 1.00835e+016 -3.95259e-006 7.58735 191.249
0.0079 9.89819e+015 9.92304e+015 3.98084e-006 7.57046 191.408
0.008 1.00788e+016 1.00687e+016 -1.61676e-006 7.54907 204.758
0.0081 9.97284e+015 9.96762e+015 -8.35957e-007 7.52951 190.908
0.0082 9.97995e+015 9.97754e+015 -3.85184e-007 7.51089 184.012
0.0083 9.93467e+015 9.98168e+015 7.53233e-006 7.49271 224.372
0.0084 1.00719e+016 9.98844e+015 -1.33746e-005 7.46601 191.38
0.0085 1.00423e+016 1.00853e+016 6.88977e-006 7.45443 154.76
0.0086 1.00172e+016 9.9384e+015 -1.26229e-005 7.43506 122.385
0.0087 1.00668e+016 9.92426e+015 -2.28326e-005 7.42995 -77.8342
0.0088 1.00588e+016 9.96329e+015 -1.53056e-005 7.45063 -293.203
0.0089 9.98151e+015 9.98737e+015 9.39164e-007 7.48859 -374.331
0.009 9.78868e+015 1.00616e+016 4.37197e-005 7.5255 -122.141
0.0091 9.82813e+015 1.00419e+016 3.42491e-005 7.51302 318.153
0.0092 9.59427e+015 9.82956e+015 3.76982e-005 7.46187 724.442
0.0093 9.59231e+015 9.90171e+015 4.95713e-005 7.36813 1217.26
0.0094 9.35716e+015 9.84966e+015 7.89073e-005 7.21841 1942.78
0.0095 8.96017e+015 9.68682e+015 0.000116423 6.97958 3045.82
0.0096 7.60905e+015 9.1953e+015 0.000254146 6.60925 5138.44
0.0097 6.05917e+015 8.655e+015 0.000415898 5.95189 8922.21
0.0098 3.90567e+015 8.04888e+015 0.000663817 4.82481 15019.4
0.0099 1.80521e+015 7.72506e+015 0.000948465 2.94801 24124
0.01 4.30846e+014 7.59672e+015 0.0011481 0 29480.1
ZONE I=101 T=ZONE_004000
0 8.0493e+014 6.49914e+015 0.000912313 0 -26621.8
0.0001 1.7712e+015 6.75298e+015 0.000798169 2.66218 -22114.5
0.0002 3.90044e+015 7.22633e+015 0.000532866 4.4229 -14598.1
0.0003 5.59868e+015 7.95922e+015 0.0003782 5.5818 -9453.27
0.0004 7.15572e+015 8.67662e+015 0.000243676 6.31356 -5941.51
0.0005 8.30687e+015 9.25659e+015 0.000152161 6.7701 -3706.2
0.0006 8.99811e+015 9.6642e+015 0.00010672 7.0548 -2244.29
0.0007 9.23858e+015 9.72456e+015 7.78622e-005 7.21896 -1201.94
0.0008 9.61733e+015 9.81293e+015 3.13395e-005 7.29519 -585.278
0.0009 9.89914e+015 1.00307e+016 2.10853e-005 7.33602 -289.233
0.001 9.83919e+015 1.00705e+016 3.70619e-005 7.35303 39.1268
0.0011 1.00812e+016 9.87353e+015 -3.32718e-005 7.32819 60.5292
0.0012 1.00703e+016 1.00902e+016 3.19326e-006 7.34093 -109.326
0.0013 9.72308e+015 9.96986e+015 3.95372e-005 7.35006 131.975
0.0014 9.80012e+015 9.89636e+015 1.54182e-005 7.31453 442.31
0.0015 1.00449e+016 1.00376e+016 -1.1663e-006 7.26159 522.792
0.0016 1.00519e+016 1.00021e+016 -7.98135e-006 7.20997 471.135
0.0017 9.84947e+015 9.9922e+015 2.28687e-005 7.16737 555.204
0.0018 9.90969e+015 1.01477e+016 3.81371e-005 7.09893 899.706
0.0019 9.85819e+015 9.92894e+015 1.13368e-005 6.98743 1179.09
0.002 1.0126e+016 1.00673e+016 -9.41752e-006 6.86312 1189.93
0.0021 1.02108e+016 9.94709e+015 -4.22462e-005 6.74944 898.179
0.0022 1.00466e+016 1.00236e+016 -3.68102e-006 6.68348 638.826
0.0023 1.00041e+016 1.01341e+016 2.08217e-005 6.62168 735.621
0.0024 1.00973e+016 9.73328e+015 -5.83175e-005 6.53636 523.881
0.0025 9.92244e+015 9.90543e+015 -2.72557e-006 6.5169 179.168
0.0026 1.00562e+016 1.00234e+016 -5.26464e-006 6.50052 134.047
0.0027 1.01651e+016 1.0059e+016 -1.70053e-005 6.49009 8.28743
0.0028 1.01791e+016 1.00098e+016 -2.71139e-005 6.49886 -240.856
0.0029 1.01431e+016 1.0103e+016 -6.4225e-006 6.53826 -430.237
0.003 9.74844e+015 9.98972e+015 3.86575e-005 6.58491 -248.204
0.0031 1.00271e+016 9.94126e+015 -1.37457e-005 6.5879 -107.526
0.0032 1.00281e+016 9.9229e+015 -1.68608e-005 6.60642 -280.363
0.0033 9.9926e+015 1.00503e+016 9.24437e-006 6.64397 -323.373
0.0034 9.96507e+015 1.00945e+016 2.07409e-005 6.67109 -154.045
0.0035 1.00522e+016 9.99298e+015 -9.48094e-006 6.67478 -90.4595
0.0036 1.00803e+016 1.00398e+016 -6.48462e-006 6.68918 -180.618
0.0037 9.94896e+015 9.95176e+015 4.48209e-007 6.71091 -214.706
0.0038 9.97438e+015 9.97686e+015 3.97549e-007 6.73212 -209.929
0.0039 9.76671e+015 9.9467e+015 2.88372e-005 6.75289 -44.8396
0.004 9.86997e+015 1.01037e+016 3.74472e-005 6.74109 329.471
0.0041 9.94855e+015 9.95831e+015 1.5645e-006 6.687 549.772
0.0042 9.90268e+015 1.00232e+016 1.93166e-005 6.63114 667.688
0.0043 1.01498e+016 1.00408e+016 -1.74703e-005 6.55346 678.115
0.0044 1.00779e+016 9.96889e+015 -1.74638e-005 6.49552 480.84
0.0045 1.01808e+016 1.00072e+016 -2.78084e-005 6.45729 225.186
0.0046 9.8631e+015 9.90699e+015 7.0324e-006 6.45048 107.863
0.0047 1.00853e+016 9.92556e+015 -2.55983e-005 6.43572 3.02082
0.0048 1.00103e+016 9.9643e+015 -7.36452e-006 6.44987 -183.121
0.0049 9.99193e+015 1.00731e+016 1.30034e-005 6.47235 -151.278
0.005 1.00194e+016 1.00971e+016 1.24605e-005 6.48013 -7.48218
0.0051 9.99449e+015 1.01067e+016 1.79726e-005 6.47384 164.375
0.0052 1.01186e+016 9.85769e+015 -4.18069e-005 6.44725 29.7814
0.0053 1.0027e+016 1.00121e+016 -2.39226e-006 6.46789 -219.813
0.0054 1.00551e+016 9.91151e+015 -2.30034e-005 6.49122 -363.224
0.0055 9.89628e+015 9.9871e+015 1.45506e-005 6.54053 -410.957
0.0056 1.0144e+016 1.01115e+016 -5.21025e-006 6.57341 -358.212
0.0057 9.98966e+015 9.9951e+015 8.70976e-007 6.61217 -382.716
0.0058 9.94976e+015 9.97217e+015 3.59037e-006 6.64995 -357.523
0.0059 9.98954e+015 9.90842e+015 -1.29972e-005 6.68368 -410.644
0.006 9.95324e+015 1.011e+016 2.51117e-005 6.73208 -342.233
0.0061 9.88114e+015 9.95309e+015 1.15268e-005 6.75212 -135.333
0.0062 1.00118e+016 1.01312e+016 1.91394e-005 6.75915 37.84
0.0063 9.89565e+015 1.00296e+016 2.14594e-005 6.74456 267.103
0.0064 9.93119e+015 9.87221e+015 -9.45007e-006 6.70573 334.921
0.0065 1.02183e+016 1.00064e+016 -3.39421e-005 6.67757 89.8834
0.0066 9.90373e+015 9.88036e+015 -3.74437e-006 6.68775 -122.934
0.0067 9.85555e+015 9.9868e+015 2.10278e-005 6.70216 -25.3335
0.0068 9.92658e+015 1.01243e+016 3.16789e-005 6.69282 272.304
0.0069 9.97357e+015 1.01139e+016 2.24811e-005 6.6477 578.148
0.007 1.00409e+016 1.00022e+016 -6.20257e-006 6.57719 670.074
0.0071 1.01636e+016 9.86989e+015 -4.70493e-005 6.51368 369.358
0.0072 1.01482e+016 9.98689e+015 -2.58401e-005 6.50332 -42.2516
0.0073 1.00304e+016 9.90474e+015 -2.01409e-005 6.52213 -301.908
0.0074 9.89751e+015 1.01181e+016 3.53366e-005 6.5637 -216.097
0.0075 1.02635e+016 9.85572e+015 -6.53382e-005 6.56535 -385.518
0.0076 9.94142e+015 1.01781e+016 3.79227e-005 6.6408 -540.334
0.0077 1.00221e+016 9.95104e+015 -1.13927e-005 6.67342 -390.518
0.0078 1.02347e+016 1.01291e+016 -1.69204e-005 6.7189 -550.403
0.0079 1.01776e+016 9.92411e+015 -4.06135e-005 6.7835 -875.3
0.008 1.00354e+016 1.00739e+016 6.15763e-006 6.89396 -1069.87
0.0081 9.93759e+015 9.94149e+015 6.26199e-007 6.99747 -1031.57
0.0082 9.96067e+015 9.97167e+015 1.76288e-006 7.10028 -1018.07
0.0083 9.86857e+015 1.00043e+016 2.17542e-005 7.20109 -885.272
0.0084 9.98365e+015 1.00114e+016 4.44901e-006 7.27733 -737.302
0.0085 9.78093e+015 1.00586e+016 4.44958e-005 7.34855 -460.908
0.0086 9.86212e+015 9.94794e+015 1.37508e-005 7.36951 -131.987
0.0087 9.979e+015 9.85922e+015 -1.91919e-005 7.37495 -162.713
0.0088 9.97721e+015 9.96424e+015 -2.07779e-006 7.40206 -282.824
0.0089 9.80879e+015 9.99338e+015 2.95742e-005 7.43151 -127.55
0.009 9.89206e+015 1.00825e+016 3.05122e-005 7.42757 211.761
0.0091 9.77945e+015 1.00256e+016 3.94389e-005 7.38916 606.778
0.0092 9.75064e+015 9.76443e+015 2.20879e-006 7.30621 841.964
0.0093 9.40865e+015 9.7586e+015 5.60681e-005 7.22077 1171.06
0.0094 8.98371e+015 9.71844e+015 0.000117717 7.072 2152.43
0.0095 8.31505e+015 9.33402e+015 0.000163258 6.79028 3739.11
0.0096 7.24739e+015 8.67689e+015 0.000229032 6.32418 5954.39
0.0097 5.55477e+015 7.9989e+015 0.000391593 5.5994 9459.09
0.0098 3.80193e+015 7.19125e+015 0.000543029 4.43236 14736.9
0.0099 1.87563e+015 6.69278e+015 0.000771793 2.65201 22161.8
0.01 8.69553e+014 6.55114e+015 0.00091029 0 26520.1
ZONE I=101 T=ZONE_005000
0 8.40551e+014 5.62758e+015 0.000766966 0 -23212.7
0.0001 1.80334e+015 5.91406e+015 0.00065861 2.32127 -19493.5
0.0002 3.42423e+015 6.4484e+015 0.000484526 3.8987 -13038.1
0.0003 5.27069e+015 7.39118e+015 0.00033974 4.9289 -8383.48
0.0004 6.96293e+015 8.20179e+015 0.000198487 5.57539 -5344.08
0.0005 7.982e+015 8.8761e+015 0.00014325 5.99771 -3414.28
0.0006 8.74517e+015 9.38213e+015 0.000102053 6.25825 -2029.04
0.0007 9.1717e+015 9.56687e+015 6.33134e-005 6.40352 -1095.21
0.0008 9.67438e+015 9.68868e+015 2.29081e-006 6.47729 -724.738
0.0009 9.78516e+015 1.00612e+016 4.42256e-005 6.54847 -462.058
0.001 9.847e+015 1.00068e+016 2.56019e-005 6.5697 -67.7384
0.0011 9.94124e+015 9.89095e+015 -8.05859e-006 6.56202 31.3296
0.0012 1.00618e+016 1.00952e+016 5.35179e-006 6.56343 16.0442
0.0013 1.01606e+016 9.96298e+015 -3.16606e-005 6.55881 -132.523
0.0014 9.99705e+015 9.86308e+015 -2.14647e-005 6.58994 -432.524
0.0015 9.93216e+015 1.00541e+016 1.95386e-005 6.64531 -443.401
0.0016 9.85148e+015 9.99746e+015 2.33879e-005 6.67862 -200.993
0.0017 1.01312e+016 9.98361e+015 -2.36417e-005 6.68551 -202.426
0.0018 1.00121e+016 1.01628e+016 2.41403e-005 6.7191 -199.61
0.0019 9.91942e+015 9.95664e+015 5.96255e-006 6.72543 -29.6176
0.002 9.92918e+015 1.00671e+016 2.20982e-005 6.72503 128.842
0.0021 1.01025e+016 9.91957e+015 -2.9312e-005 6.69966 88.1055
0.0022 9.90008e+015 1.00402e+016 2.24567e-005 6.70741 49.3933
0.0023 9.96598e+015 1.01305e+016 2.63643e-005 6.68979 325.088
0.0024 9.92944e+015 9.69074e+015 -3.8245e-005 6.64239 257.997
0.0025 1.0004e+016 9.96874e+015 -5.64097e-006 6.63819 10.1712
0.0026 1.00093e+016 9.95574e+015 -8.57528e-006 6.64035 -70.1086
0.0027 9.7948e+015 1.0073e+016 4.4568e-005 6.65221 133.144
0.0028 9.74364e+015 1.00306e+016 4.59807e-005 6.61373 644.477
0.0029 1.00483e+016 1.0056e+016 1.23817e-006 6.52331 911.124
0.003 1.00307e+016 1.00315e+016 1.27712e-007 6.4315 918.837
0.0031 1.00122e+016 9.98842e+015 -3.80551e-006 6.33955 898.068
0.0032 1.00557e+016 9.86707e+015 -3.02142e-005 6.25189 705.957
0.0033 1.00767e+016 1.00319e+016 -7.18095e-006 6.19835 494.785
0.0034 9.8806e+015 1.01921e+016 4.99035e-005 6.15293 736.041
0.0035 1.00819e+016 9.88488e+015 -3.15604e-005 6.05115 839.626
0.0036 1.00785e+016 1.00629e+016 -2.50753e-006 5.98501 647.243
0.0037 1.00483e+016 9.94947e+015 -1.58398e-005 5.9217 543.634
0.0038 1.00805e+016 1.00396e+016 -6.55659e-006 5.87628 417.161
0.0039 9.9482e+015 9.91933e+015 -4.62562e-006 5.83826 354.014
0.004 1.01369e+016 1.00965e+016 -6.47876e-006 5.80548 291.307
0.0041 9.85012e+015 9.97247e+015 1.96031e-005 5.78 365.421
0.0042 1.01028e+016 1.00394e+016 -1.0145e-005 5.73239 418.831
0.0043 9.91362e+015 9.98756e+015 1.18459e-005 5.69624 428.436
0.0044 1.00593e+016 9.97875e+015 -1.2909e-005 5.6467 422.433
0.0045 9.87938e+015 9.94113e+015 9.89273e-006 5.61175 405.4
0.0046 9.89385e+015 9.971e+015 1.23614e-005 5.56562 531.071
0.0047 1.00686e+016 9.96897e+015 -1.59621e-005 5.50554 510.738
0.0048 1.02157e+016 9.91053e+015 -4.88947e-005 5.46348 144.489
0.0049 1.01825e+016 1.00899e+016 -1.48396e-005 5.47664 -215.422
0.005 9.92118e+015 1.00637e+016 2.28318e-005 5.50656 -170.29
0.0051 1.00399e+016 1.01431e+016 1.65193e-005 5.5107 51.9275
0.0052 1.00793e+016 9.85835e+015 -3.54016e-005 5.49618 -54.7014
0.0053 9.93184e+015 1.00232e+016 1.46353e-005 5.52164 -171.97
0.0054 1.01237e+016 9.89524e+015 -3.66099e-005 5.53057 -296.061
0.0055 1.01983e+016 9.99236e+015 -3.29885e-005 5.58085 -689.086
0.0056 1.00383e+016 1.00802e+016 6.71001e-006 5.66839 -837.482
0.0057 9.95012e+015 9.99667e+015 7.45782e-006 5.74835 -757.476
0.0058 9.91338e+015 9.98022e+015 1.07093e-005 5.81988 -654.886
0.0059 9.96421e+015 9.89453e+015 -1.11645e-005 5.87932 -657.457
0.006 1.01017e+016 1.01411e+016 6.30922e-006 5.95137 -684.875
0.0061 9.99898e+015 1.00146e+016 2.50039e-006 6.0163 -635.127
0.0062 9.83441e+015 1.00859e+016 4.02866e-005 6.0784 -393.507
0.0063 9.91965e+015 9.98364e+015 1.02522e-005 6.095 -108.112
0.0064 1.0119e+016 9.8996e+015 -3.51595e-005 6.10002 -248.765
0.0065 1.00848e+016 1.00077e+016 -1.23505e-005 6.14475 -517.056
0.0066 1.01579e+016 9.8765e+015 -4.50816e-005 6.20343 -841.378
0.0067 9.92763e+015 9.98963e+015 9.93389e-006 6.31303 -1039.86
0.0068 1.00622e+016 1.01554e+016 1.49316e-005 6.4114 -899.442
0.0069 1.0013e+016 1.00427e+016 4.75307e-006 6.49292 -788.282
0.007 1.0015e+016 1.0034e+016 3.03267e-006 6.56906 -744.315
0.0071 1.00239e+016 9.90733e+015 -1.86782e-005 6.64178 -832.666
0.0072 9.71134e+015 9.90758e+015 3.14417e-005 6.73559 -760.591
0.0073 9.85029e+015 9.95709e+015 1.71111e-005 6.7939 -486.411
0.0074 1.00532e+016 1.01076e+016 8.71661e-006 6.83288 -340.561
0.0075 9.90603e+015 9.90261e+015 -5.48408e-007 6.86201 -294.435
0.0076 9.86094e+015 1.0092e+016 3.70267e-005 6.89176 -88.4398
0.0077 1.00792e+016 9.98942e+015 -1.43811e-005 6.8797 39.4411
0.0078 1.00928e+016 1.01382e+016 7.27115e-006 6.88387 -0.70924
0.0079 9.98307e+015 9.97503e+015 -1.28902e-006 6.87984 33.0721
0.008 1.00027e+016 1.00109e+016 1.31332e-006 6.87726 33.2093
0.0081 1.01486e+016 9.9427e+015 -3.29811e-005 6.8732 -145.62
0.0082 9.884e+015 1.00104e+016 2.02545e-005 6.90638 -217.488
0.0083 9.87871e+015 9.97079e+015 1.47529e-005 6.91669 -19.7995
0.0084 9.88357e+015 1.00504e+016 2.67255e-005 6.91034 214.431
0.0085 1.00029e+016 1.00358e+016 5.27222e-006 6.87381 395.124
0.0086 1.00086e+016 9.92963e+015 -1.26595e-005 6.83132 353.408
0.0087 9.99642e+015 9.84698e+015 -2.39423e-005 6.80313 146.716
0.0088 9.77816e+015 9.91876e+015 2.25266e-005 6.80198 138.721
0.0089 1.00249e+016 1.00409e+016 2.56506e-006 6.77538 280.415
0.009 9.84797e+015 1.00345e+016 2.98924e-005 6.74589 463.704
0.0091 9.90777e+015 1.00123e+016 1.67466e-005 6.68264 727.077
0.0092 9.85072e+015 9.69026e+015 -2.57081e-005 6.60048 676.471
0.0093 9.3093e+015 9.56987e+015 4.17469e-005 6.54735 767.043
0.0094 8.61715e+015 9.5206e+015 0.00014475 6.44707 1820.2
0.0095 7.80959e+015 8.91198e+015 0.000176622 6.18331 3635
0.0096 6.84904e+015 8.18061e+015 0.000213342 5.72007 5837.14
0.0097 5.46176e+015 7.39731e+015 0.00031011 5.01588 8793.1
0.0098 3.39116e+015 6.43879e+015 0.000488283 3.96145 13301.7
0.0099 1.78933e+015 5.93212e+015 0.000663749 2.35555 19807.2
0.01 8.3403e+014 5.61959e+015 0.000766731 0 23555.5
ZONE I=101 T=ZONE_006000
0 5.23663e+014 4.8592e+015 0.000694629 0 -19950.3
0.0001 1.7781e+015 5.26603e+015 0.000558827 1.99503 -16794.5
0.0002 3.62197e+015 5.88477e+015 0.000362539 3.35891 -11591.5
0.0003 5.28707e+015 6.90411e+015 0.000259079 4.31334 -8081.24
0.0004 6.62072e+015 7.74506e+015 0.000180139 4.97516 -5600.96
0.0005 7.62043e+015 8.51195e+015 0.000142837 5.43353 -3777.1
0.0006 8.40809e+015 8.98867e+015 9.30195e-005 5.73058 -2445.2
0.0007 8.91885e+015 9.36836e+015 7.20188e-005 5.92257 -1513.22
0.0008 9.38489e+015 9.62125e+015 3.78701e-005 6.03322 -892.674
0.0009 9.77864e+015 9.98744e+015 3.34534e-005 6.1011 -489.907
0.001 9.91086e+015 9.93893e+015 4.49753e-006 6.1312 -275.596
0.0011 9.89122e+015 9.93538e+015 7.0744e-006 6.15622 -210.249
0.0012 9.90971e+015 1.00659e+016 2.50288e-005 6.17325 -28.9609
0.0013 9.88078e+015 9.95619e+015 1.20808e-005 6.16201 180.599
0.0014 1.00156e+016 9.87283e+015 -2.28743e-005 6.13713 119.647
0.0015 1.01506e+016 1.00169e+016 -2.14164e-005 6.13808 -130.464
0.0016 1.00854e+016 1.0002e+016 -1.33657e-005 6.16322 -326.881
0.0017 9.85352e+015 1.00037e+016 2.4069e-005 6.20346 -266.439
0.0018 9.94591e+015 1.01448e+016 3.18633e-005 6.21651 49.4139
0.0019 1.00688e+016 9.98565e+015 -1.33227e-005 6.19358 154.113
0.002 1.00009e+016 1.00774e+016 1.22628e-005 6.18569 148.128
0.0021 9.77014e+015 9.85439e+015 1.34991e-005 6.16395 293.606
0.0022 9.97046e+015 1.01215e+016 2.41945e-005 6.12697 506.463
0.0023 9.93282e+015 1.00646e+016 2.11172e-005 6.06266 762.34
0.0024 9.87616e+015 9.70974e+015 -2.66644e-005 5.9745 731.014
0.0025 9.96537e+015 1.00012e+016 5.73442e-006 5.91646 612.822
0.0026 9.81051e+015 9.92382e+015 1.81544e-005 5.85194 747.723
0.0027 9.9999e+015 1.00345e+016 5.54088e-006 5.76691 881.531
0.0028 1.01324e+016 1.00785e+016 -8.63319e-006 5.67563 864.068
0.0029 1.01982e+016 9.98844e+015 -3.36126e-005 5.5941 625.504
0.003 1.00753e+016 1.01141e+016 6.22235e-006 5.55053 470.83
0.0031 1.002e+016 9.98328e+015 -5.88362e-006 5.49993 472.743
0.0032 9.90081e+015 9.82217e+015 -1.25988e-005 5.45598 368.372
0.0033 1.00959e+016 1.01008e+016 7.78868e-007 5.42626 301.625
0.0034 9.97781e+015 1.01499e+016 2.75699e-005 5.39565 461.712
0.0035 1.00926e+016 9.86473e+015 -3.65143e-005 5.33391 411.203
0.0036 1.00672e+016 1.00524e+016 -2.38271e-006 5.31341 191.549
0.0037 1.00925e+016 9.95466e+015 -2.2081e-005 5.2956 53.4013
0.0038 9.88142e+015 1.00951e+016 3.42283e-005 5.30273 121.998
0.0039 9.88801e+015 9.94176e+015 8.61122e-006 5.27121 363.915
0.004 1.01138e+016 1.00265e+016 -1.39863e-005 5.22995 333.561
0.0041 1.0176e+016 1.00281e+016 -2.36946e-005 5.20449 120.776
0.0042 9.9245e+015 1.00095e+016 1.36203e-005 5.2058 63.8864
0.0043 9.87716e+015 1.00226e+016 2.32999e-005 5.19172 272.376
0.0044 9.9464e+015 9.86683e+015 -1.27486e-005 5.15132 331.96
0.0045 1.01021e+016 9.95175e+015 -2.40886e-005 5.12532 123.939
0.0046 1.00805e+016 1.00266e+016 -8.63896e-006 5.12653 -60.8756
0.0047 9.90274e+015 9.99454e+015 1.4708e-005 5.1375 -26.6032
0.0048 1.01437e+016 9.89593e+015 -3.96899e-005 5.13185 -167.677
0.0049 9.96648e+015 1.00645e+016 1.57089e-005 5.17103 -303.099
0.005 9.9381e+015 1.00574e+016 1.91129e-005 5.19247 -106.459
0.0051 1.01253e+016 1.01161e+016 -1.47198e-006 5.19233 -6.83982
0.0052 9.90767e+015 9.94891e+015 6.60699e-006 5.19384 22.1578
0.0053 1.00039e+016 9.98776e+015 -2.5786e-006 5.18789 44.9063
0.0054 9.9243e+015 9.89423e+015 -4.81832e-006 5.18486 3.13561
0.0055 9.93747e+015 1.00033e+016 1.05464e-005 5.18727 35.4822
0.0056 1.00192e+016 1.00462e+016 4.31298e-006 5.17776 119.394
0.0057 1.00966e+016 9.9699e+015 -2.02992e-005 5.16339 29.1185
0.0058 1.0031e+016 9.9913e+015 -6.36262e-006 5.17194 -121.442
0.0059 1.01393e+016 9.93171e+015 -3.32556e-005 5.18768 -345.168
0.006 1.00877e+016 1.01183e+016 4.90041e-006 5.24097 -505.292
0.0061 1.00384e+016 1.01249e+016 1.38468e-005 5.28874 -399.425
0.0062 9.87413e+015 9.97007e+015 1.53708e-005 5.32086 -234.432
0.0063 1.00622e+016 9.97171e+015 -1.44964e-005 5.33562 -229.494
0.0064 1.01968e+016 9.95198e+015 -3.92287e-005 5.36676 -532.882
0.0065 9.96154e+015 9.98258e+015 3.3697e-006 5.4422 -735.379
0.0066 9.89553e+015 9.90758e+015 1.93142e-006 5.51383 -705.444
0.0067 1.00119e+016 9.97122e+015 -6.51717e-006 5.58329 -731.34
0.0068 9.9822e+015 1.01677e+016 2.97276e-005 5.6601 -600.269
0.0069 9.97232e+015 9.97693e+015 7.37342e-007 5.70334 -428.233
0.007 1.00429e+016 1.00797e+016 5.88788e-006 5.74575 -390.82
0.0071 1.00591e+016 9.89506e+015 -2.62753e-005 5.7815 -505.949
0.0072 1.01155e+016 9.91462e+015 -3.21855e-005 5.84694 -836.08
0.0073 9.99419e+015 9.97277e+015 -3.43216e-006 5.94872 -1037.21
0.0074 9.89025e+015 1.00568e+016 2.66785e-005 6.05438 -905.942
0.0075 9.8811e+015 1.00052e+016 1.98797e-005 6.12991 -643.026
0.0076 1.00177e+016 1.00081e+016 -1.53632e-006 6.18299 -539.44
0.0077 1.0158e+016 1.00115e+016 -2.34613e-005 6.2378 -680.603
0.0078 9.89786e+015 1.01352e+016 3.80199e-005 6.31911 -598.39
0.0079 9.95752e+015 9.99838e+015 6.54677e-006 6.35748 -346.72
0.008 9.82341e+015 9.95039e+015 2.03449e-005 6.38845 -194.861
0.0081 9.88429e+015 9.99859e+015 1.83119e-005 6.39645 23.4352
0.0082 1.01172e+016 1.00068e+016 -1.76888e-005 6.38376 26.9538
0.0083 9.86216e+015 9.97629e+015 1.82871e-005 6.39106 30.3323
0.0084 1.0122e+016 1.00811e+016 -6.54455e-006 6.3777 96.643
0.0085 1.00358e+016 9.96624e+015 -1.11499e-005 6.37173 -3.27838
0.0086 9.91421e+015 9.91667e+015 3.94916e-007 6.37835 -64.0123
0.0087 9.88753e+015 9.89508e+015 1.21047e-006 6.38453 -54.9466
0.0088 9.93951e+015 9.84146e+015 -1.57092e-005 6.38934 -136.821
0.0089 9.85922e+015 1.00611e+016 3.23509e-005 6.41189 -42.8447
0.009 9.71812e+015 1.00363e+016 5.09748e-005 6.39791 427.699
0.0091 9.6584e+015 9.8853e+015 3.63541e-005 6.32635 920.85
0.0092 9.43474e+015 9.61503e+015 2.88855e-005 6.21374 1289.26
0.0093 8.98882e+015 9.3741e+015 6.17294e-005 6.0685 1800.97
0.0094 8.63198e+015 9.2455e+015 9.8296e-005 5.85355 2704.64
0.0095 7.83014e+015 8.49093e+015 0.000105869 5.52758 3857.57
0.0096 6.56846e+015 7.65783e+015 0.000174537 5.08203 5441.04
0.0097 5.09988e+015 6.90669e+015 0.000289483 4.43937 8061.38
0.0098 3.41605e+015 5.91398e+015 0.000400212 3.46976 11956.1
0.0099 1.77129e+015 5.23371e+015 0.00055474 2.04814 17348.8
0.01 8.44554e+014 5.06509e+015 0.000676204 0 20481.4
ZONE I=101 T=ZONE_007000
0 9.62859e+014 4.63697e+015 0.000588657 0 -18224.6
0.0001 1.91402e+015 4.72224e+015 0.000449926 1.82246 -15683.9
0.0002 3.53118e+015 5.53364e+015 0.00032083 3.13677 -11331.4
0.0003 4.91824e+015 6.46712e+015 0.000248157 4.08874 -8118.28
0.0004 6.14001e+015 7.34348e+015 0.000192816 4.76043 -5628.09
0.0005 7.14465e+015 8.13307e+015 0.000158363 5.21436 -3644.97
0.0006 8.20431e+015 8.57376e+015 5.91913e-005 5.48942 -2416.43
0.0007 8.8153e+015 9.15273e+015 5.40632e-005 5.69764 -1776.88
0.0008 9.26852e+015 9.50974e+015 3.86474e-005 5.8448 -1253.34
0.0009 9.36453e+015 9.85542e+015 7.86489e-005 5.94831 -590.958
0.001 9.81074e+015 9.91168e+015 1.61725e-005 5.96299 -55.4979
0.0011 9.74578e+015 9.94179e+015 3.14041e-005 5.95941 213.169
0.0012 9.90721e+015 1.00262e+016 1.90613e-005 5.92036 498.15
0.0013 9.95703e+015 9.92799e+015 -4.65226e-006 5.85978 579.518
0.0014 1.00288e+016 9.93885e+015 -1.44069e-005 5.80445 471.891
0.0015 9.90862e+015 9.9517e+015 6.90205e-006 5.7654 429.511
0.0016 1.00221e+016 9.98527e+015 -5.90668e-006 5.71855 435.132
0.0017 9.95714e+015 1.00681e+016 1.77819e-005 5.67837 502.191
0.0018 1.00125e+016 1.00434e+016 4.94772e-006 5.61811 630.547
0.0019 1.0064e+016 1.00756e+016 1.85657e-006 5.55227 668.971
0.002 9.83905e+015 1.00683e+016 3.67344e-005 5.48432 886.896
0.0021 1.00421e+016 9.8189e+015 -3.57531e-005 5.37489 892.437
0.0022 1.00288e+016 1.01598e+016 2.09926e-005 5.30583 809.084
0.0023 1.00564e+016 1.00026e+016 -8.61913e-006 5.21307 878.957
0.0024 1.00163e+016 9.77109e+015 -3.92818e-005 5.13004 608.459
0.0025 1.00263e+016 9.99696e+015 -4.70695e-006 5.09138 360.052
0.0026 1.00111e+016 9.90767e+015 -1.65719e-005 5.05803 239.89
0.0027 1.00938e+016 1.00025e+016 -1.46316e-005 5.0434 63.6829
0.0028 9.90186e+015 1.01201e+016 3.49723e-005 5.04529 178.548
0.0029 1.0021e+016 9.91977e+015 -1.62232e-005 5.00769 284.425
0.003 1.001e+016 1.01927e+016 2.92633e-005 4.98841 358.064
0.0031 9.93996e+015 9.94957e+015 1.53855e-006 4.93608 532.003
0.0032 1.01083e+016 9.83805e+015 -4.33028e-005 4.88201 296.158
0.0033 1.00538e+016 1.01701e+016 1.86426e-005 4.87685 156.901
0.0034 1.0195e+016 1.00196e+016 -2.81112e-005 4.85063 103.431
0.0035 9.96637e+015 9.91406e+015 -8.38009e-006 4.85616 -102.637
0.0036 1.00591e+016 1.00401e+016 -3.05469e-006 4.87116 -167.21
0.0037 1.00137e+016 9.96511e+015 -7.79171e-006 4.8896 -228.46
0.0038 1.00402e+016 1.01209e+016 1.29248e-005 4.91685 -199.473
0.0039 9.93884e+015 9.9695e+015 4.91217e-006 4.9295 -98.7468
0.004 9.99766e+015 9.98412e+015 -2.17022e-006 4.9366 -83.2629
0.0041 9.95052e+015 1.00535e+016 1.64947e-005 4.94615 -2.37209
0.0042 1.0009e+016 9.99305e+015 -2.56267e-006 4.93707 76.3025
0.0043 1.00848e+016 1.00281e+016 -9.09243e-006 4.93089 10.4856
0.0044 9.79459e+015 9.80154e+015 1.11322e-006 4.93497 -34.5734
0.0045 9.84279e+015 9.95625e+015 1.81786e-005 4.9378 74.3685
0.0046 1.02141e+016 1.00558e+016 -2.53619e-005 4.9201 33.8043
0.0047 1.00786e+016 1.00085e+016 -1.1245e-005 4.93104 -172.916
0.0048 9.95012e+015 9.92e+015 -4.82619e-006 4.95468 -263.671
0.0049 9.84294e+015 1.00281e+016 2.96706e-005 4.98378 -123.374
0.005 1.00592e+016 1.00629e+016 5.94185e-007 4.97936 47.5328
0.0051 1.01076e+016 1.00822e+016 -4.06049e-006 4.97427 27.9584
0.0052 9.89798e+015 1.00394e+016 2.26509e-005 4.97377 132.939
0.0053 9.94894e+015 9.91531e+015 -5.38769e-006 4.94768 230.425
0.0054 9.88488e+015 9.93852e+015 8.59339e-006 4.92768 248.528
0.0055 1.01153e+016 1.001e+016 -1.68635e-005 4.89798 201.826
0.0056 9.99058e+015 9.99346e+015 4.62559e-007 4.88732 109.209
0.0057 9.98199e+015 9.93553e+015 -7.44317e-006 4.87613 69.7894
0.0058 1.01115e+016 1.0006e+016 -1.68995e-005 4.87336 -67.6748
0.0059 1.00313e+016 1.00031e+016 -4.53188e-006 4.88967 -188.699
0.006 9.9527e+015 1.00989e+016 2.3432e-005 4.9111 -81.9691
0.0061 1.00408e+016 1.01538e+016 1.81003e-005 4.90606 152.566
0.0062 1.00142e+016 9.89473e+015 -1.91358e-005 4.88059 146.718
0.0063 1.00528e+016 1.00093e+016 -6.97235e-006 4.87672 -0.716201
0.0064 9.91016e+015 9.96192e+015 8.29203e-006 4.88073 6.73605
0.0065 9.98303e+015 9.96631e+015 -2.67863e-006 4.87537 38.4351
0.0066 9.96149e+015 9.93984e+015 -3.46878e-006 4.87304 3.7204
0.0067 9.97495e+015 9.96191e+015 -2.08908e-006 4.87463 -27.6651
0.0068 1.00295e+016 1.0149e+016 1.91515e-005 4.87857 68.6872
0.0069 1.01787e+016 9.94893e+015 -3.68079e-005 4.86089 -31.0194
0.007 1.00351e+016 1.00915e+016 9.03604e-006 4.88478 -187.848
0.0071 1.01519e+016 9.88226e+015 -4.32088e-005 4.89846 -380.823
0.0072 9.97423e+015 9.95893e+015 -2.45146e-006 4.96094 -638.669
0.0073 9.89838e+015 9.96804e+015 1.1161e-005 5.02619 -589.485
0.0074 1.00471e+016 1.00148e+016 -5.18103e-006 5.07884 -555.716
0.0075 1.00167e+016 1.00631e+016 7.43356e-006 5.13734 -542.996
0.0076 1.01451e+016 9.992e+015 -2.45307e-005 5.18744 -639.544
0.0077 1.01276e+016 1.00078e+016 -1.91938e-005 5.26525 -886.458
0.0078 1.00527e+016 1.00969e+016 7.07451e-006 5.36473 -954.896
0.0079 9.95928e+015 1.005e+016 1.45425e-005 5.45623 -832.824
0.008 9.99412e+015 9.88186e+015 -1.79866e-005 5.5313 -852.274
0.0081 9.87427e+015 1.00732e+016 3.1866e-005 5.62668 -773.896
0.0082 9.95772e+015 9.98814e+015 4.87447e-006 5.68607 -566.421
0.0083 9.86088e+015 1.0008e+016 2.35675e-005 5.73996 -405.808
0.0084 9.97925e+015 1.00344e+016 8.83469e-006 5.76724 -222.832
0.0085 1.00229e+016 9.97322e+015 -7.95392e-006 5.78453 -217.858
0.0086 1.00018e+016 9.86853e+015 -2.13566e-005 5.81081 -383.376
0.0087 9.93409e+015 9.96103e+015 4.31641e-006 5.86121 -479.602
0.0088 9.96208e+015 9.77484e+015 -2.99991e-005 5.90673 -624.633
0.0089 9.73793e+015 1.00087e+016 4.33842e-005 5.98613 -549.047
0.009 9.52075e+015 1.0057e+016 8.59199e-005 6.01654 181.139
0.0091 9.65418e+015 9.73629e+015 1.31556e-005 5.9499 740.623
0.0092 9.27076e+015 9.48134e+015 3.37384e-005 5.86841 1005.44
0.0093 8.84634e+015 9.18246e+015 5.38531e-005 5.74882 1500.07
0.0094 8.15084e+015 8.90025e+015 0.000120069 5.5684 2482.21
0.0095 7.25614e+015 8.08549e+015 0.000132877 5.25237 3910.61
0.0096 6.27144e+015 7.20617e+015 0.000149761 4.78628 5506.69
0.0097 4.85536e+015 6.47974e+015 0.000260254 4.15104 7822.06
0.0098 3.19491e+015 5.56081e+015 0.000379058 3.22186 11432.3
0.0099 1.8893e+015 4.6928e+015 0.000449169 1.86458 16109.3
0.01 9.39714e+014 4.51383e+015 0.000572636 0 18645.8
ZONE I=101 T=ZONE_008000
0 5.42376e+014 4.01378e+015 0.00055618 0 -16588.7
0.0001 1.71388e+015 4.43171e+015 0.000435444 1.65887 -14129.7
0.0002 3.44462e+015 5.25239e+015 0.000289638 2.82594 -10035.1
0.0003 4.86166e+015 6.09309e+015 0.000197298 3.66589 -7285.36
0.0004 6.07374e+015 7.02074e+015 0.000151726 4.28301 -5314.41
0.0005 7.20558e+015 7.71008e+015 8.08299e-005 4.72877 -4001.16
0.0006 7.82804e+015 8.20249e+015 5.99941e-005 5.08324 -3205.92
0.0007 8.53168e+015 8.93525e+015 6.46581e-005 5.36996 -2502.01
0.0008 8.91896e+015 9.3072e+015 6.22034e-005 5.58364 -1785.62
0.0009 9.37922e+015 9.72575e+015 5.55198e-005 5.72708 -1120.83
0.001 9.59374e+015 9.8709e+015 4.44064e-005 5.80781 -556.539
0.0011 9.9347e+015 9.90122e+015 -5.36448e-006 5.83839 -336.068
0.0012 9.75518e+015 1.00017e+016 3.95006e-005 5.87502 -143.299
0.0013 9.87662e+015 9.8794e+015 4.45865e-007 5.86705 82.2803
0.0014 9.9688e+015 9.99506e+015 4.20852e-006 5.85857 108.564
0.0015 1.00201e+016 9.91823e+015 -1.63222e-005 5.84533 40.1573
0.0016 1.00145e+016 9.97805e+015 -5.83674e-006 5.85054 -84.9752
0.0017 1.00322e+016 1.0071e+016 6.21837e-006 5.86233 -82.8201
0.0018 1.01198e+016 1.00008e+016 -1.90696e-005 5.8671 -155.391
0.0019 9.96557e+015 1.01181e+016 2.44297e-005 5.89341 -125.122
0.002 9.96275e+015 1.00428e+016 1.28226e-005 5.89212 85.2435
0.0021 9.94993e+015 9.85822e+015 -1.46934e-005 5.87636 74.679
0.0022 1.00558e+016 1.0136e+016 1.28518e-005 5.87719 64.2792
0.0023 1.00981e+016 9.97091e+015 -2.03821e-005 5.8635 21.7554
0.0024 9.89151e+015 9.8206e+015 -1.1361e-005 5.87284 -157.499
0.0025 1.00122e+016 9.99289e+015 -3.10065e-006 5.895 -239.164
0.0026 9.79182e+015 9.90537e+015 1.81914e-005 5.92067 -153.946
0.0027 9.74293e+015 9.97277e+015 3.6824e-005 5.92579 156.728
0.0028 9.98178e+015 1.01544e+016 2.76483e-005 5.88932 520.806
0.0029 1.01512e+016 9.88613e+015 -4.24772e-005 5.82163 437.066
0.003 9.98913e+015 1.01977e+016 3.34138e-005 5.80191 385.885
0.0031 9.887e+015 9.94098e+015 8.64906e-006 5.74445 623.416
0.0032 9.99051e+015 9.92141e+015 -1.10722e-005 5.67723 609.732
0.0033 1.01575e+016 1.01277e+016 -4.78275e-006 5.62251 520.199
0.0034 9.88075e+015 9.95417e+015 1.17634e-005 5.57319 559.619
0.0035 9.90415e+015 9.94797e+015 7.02048e-006 5.51058 665.692
0.0036 9.9785e+015 1.00296e+016 8.1825e-006 5.44005 751.544
0.0037 1.02393e+016 1.00076e+016 -3.71232e-005 5.36027 588.114
0.0038 1.0017e+016 1.00969e+016 1.28132e-005 5.32243 450.835
0.0039 1.01622e+016 1.00078e+016 -2.47231e-005 5.27011 383.579
0.004 1.00208e+016 9.98373e+015 -5.93822e-006 5.24571 210.433
0.0041 9.87458e+015 1.00425e+016 2.69033e-005 5.22802 328.824
0.0042 9.92851e+015 9.96031e+015 5.09507e-006 5.17995 509.521
0.0043 9.92737e+015 1.00086e+016 1.30105e-005 5.12612 611.764
0.0044 9.93974e+015 9.82622e+015 -1.81876e-005 5.05759 582.528
0.0045 1.01352e+016 9.9172e+015 -3.49232e-005 5.00961 282.609
0.0046 1.01304e+016 1.00868e+016 -6.99152e-006 5.00107 45.9146
0.0047 1.00263e+016 1.00227e+016 -5.91764e-007 5.00043 3.09144
0.0048 9.92993e+015 9.91006e+015 -3.1847e-006 5.00045 -18.2344
0.0049 9.99789e+015 1.00652e+016 1.07843e-005 5.00408 24.6811
0.005 1.00609e+016 1.00073e+016 -8.58638e-006 4.99552 37.0931
0.0051 1.00515e+016 1.00901e+016 6.18178e-006 4.99666 23.5142
0.0052 9.99608e+015 1.00683e+016 1.15795e-005 4.99081 123.813
0.0053 1.00708e+016 9.89142e+015 -2.87447e-005 4.97189 26.8798
0.0054 1.00979e+016 9.97046e+015 -2.04188e-005 4.98544 -250.749
0.0055 1.00025e+016 1.00165e+016 2.24396e-006 5.02204 -353.383
0.0056 9.94978e+015 9.98058e+015 4.93387e-006 5.05611 -312.849
0.0057 1.00883e+016 9.86241e+015 -3.61867e-005 5.08461 -489.336
0.0058 9.97209e+015 9.99891e+015 4.29714e-006 5.15398 -669.417
0.0059 1.01052e+016 1.0124e+016 3.00894e-006 5.2185 -628.16
0.006 1.0017e+016 1.00586e+016 6.65591e-006 5.27961 -573.582
0.0061 1.01026e+016 1.01495e+016 7.50981e-006 5.33321 -493.587
0.0062 1.00646e+016 9.88191e+015 -2.92638e-005 5.37833 -616.433
0.0063 1.00031e+016 9.99831e+015 -7.59334e-007 5.4565 -785.976
0.0064 9.89654e+015 9.99257e+015 1.53848e-005 5.53553 -703.385
0.0065 9.88494e+015 9.94145e+015 9.05434e-006 5.59718 -565.376
0.0066 9.91262e+015 9.96846e+015 8.9473e-006 5.6486 -463.72
0.0067 9.88885e+015 9.97403e+015 1.36471e-005 5.68992 -336.128
0.0068 9.85854e+015 1.00816e+016 3.57305e-005 5.71583 -57.2911
0.0069 1.01034e+016 9.98484e+015 -1.89943e-005 5.70138 37.2189
0.007 1.0169e+016 1.00732e+016 -1.53423e-005 5.70838 -156.681
0.0071 9.80461e+015 9.8311e+015 4.24377e-006 5.73272 -219.355
0.0072 1.00594e+016 1.00658e+016 1.01725e-006 5.75225 -189.646
0.0073 9.99798e+015 9.92351e+015 -1.19314e-005 5.77064 -251.278
0.0074 9.95307e+015 1.00272e+016 1.18721e-005 5.80251 -251.613
0.0075 1.01078e+016 1.00551e+016 -8.43808e-006 5.82097 -232.221
0.0076 9.93094e+015 1.00258e+016 1.51914e-005 5.84895 -194.085
0.0077 9.92518e+015 9.96962e+015 7.11946e-006 5.85978 -68.0942
0.0078 1.01089e+016 1.00859e+016 -3.68171e-006 5.86257 -48.6811
0.0079 1.01575e+016 1.00416e+016 -1.85722e-005 5.86952 -174.35
0.008 1.01099e+016 9.8933e+015 -3.46976e-005 5.89744 -475.167
0.0081 9.87247e+015 1.01089e+016 3.78733e-005 5.96455 -457.233
0.0082 9.95609e+015 9.95224e+015 -6.17037e-007 5.98889 -246.846
0.0083 9.9717e+015 1.00676e+016 1.53577e-005 6.01392 -163.605
0.0084 9.86793e+015 9.95776e+015 1.43924e-005 6.02161 4.39552
0.0085 1.00384e+016 9.99562e+015 -6.85158e-006 6.01304 46.9788
0.0086 9.99626e+015 9.83379e+015 -2.60298e-005 6.01222 -138.704
0.0087 9.81244e+015 9.99828e+015 2.97762e-005 6.04078 -117.547
0.0088 9.78547e+015 9.75221e+015 -5.32787e-006 6.03572 20.5137
0.0089 9.77249e+015 9.90933e+015 2.1925e-005 6.03668 114.238
0.009 9.53593e+015 1.00303e+016 7.92014e-005 6.01288 685.303
0.0091 9.29722e+015 9.56812e+015 4.34029e-005 5.89962 1377.66
0.0092 9.23479e+015 9.33164e+015 1.5517e-005 5.73735 1710.38
0.0093 8.63511e+015 8.93602e+015 4.82114e-005 5.55755 2070.26
0.0094 7.92746e+015 8.57012e+015 0.000102964 5.32329 2923.95
0.0095 7.03309e+015 7.69036e+015 0.000105307 4.97276 4100.07
0.0096 6.01931e+015 6.85996e+015 0.000134687 4.50328 5455.33
0.0097 4.61157e+015 6.06219e+015 0.000232416 3.88169 7528.37
0.0098 3.16207e+015 5.25022e+015 0.000334559 2.99761 10730.1
0.0099 1.8447e+015 4.46271e+015 0.000419451 1.73567 14988
0.01 8.42921e+014 3.83674e+015 0.000479662 0 17356.7
ZONE I=101 T=ZONE_009000
0 7.54626e+014 3.71263e+015 0.000473924 0 -15357.2
0.0001 1.77694e+015 4.28166e+015 0.0004013 1.53572 -13091.1
0.0002 3.42203e+015 4.96806e+015 0.000247702 2.61821 -9426.12
0.0003 4.66521e+015 5.82819e+015 0.00018633 3.42095 -6975.13
0.0004 5.75258e+015 6.73002e+015 0.000156604 4.01324 -5038.56
0.0005 6.95724e+015 7.25098e+015 4.70628e-005 4.42866 -3888.45
0.0006 7.61525e+015 7.9381e+015 5.17267e-005 4.79093 -3330.58
0.0007 8.26547e+015 8.65656e+015 6.26602e-005 5.09477 -2684.63
0.0008 8.64754e+015 9.09232e+015 7.12608e-005 5.32785 -1928.37
0.0009 9.30738e+015 9.5716e+015 4.23328e-005 5.48045 -1286.9
0.001 9.37639e+015 9.80891e+015 6.92972e-005 5.58523 -656.523
0.0011 9.7311e+015 9.80304e+015 1.15248e-005 5.61175 -200.117
0.0012 9.81358e+015 9.98371e+015 2.72583e-005 5.62526 18.8927
0.0013 9.9271e+015 9.85459e+015 -1.16162e-005 5.60797 107.224
0.0014 9.94421e+015 1.00275e+016 1.33409e-005 5.60381 116.964
0.0015 1.007e+016 9.90676e+015 -2.61601e-005 5.58458 44.5728
0.0016 9.96783e+015 9.96617e+015 -2.66064e-007 5.5949 -104.657
0.0017 9.86696e+015 1.00174e+016 2.41012e-005 5.60551 29.941
0.0018 1.02522e+016 1.00108e+016 -3.86799e-005 5.58891 -52.3857
0.0019 1.00091e+016 1.01346e+016 2.01077e-005 5.61599 -157.264
0.002 1.00608e+016 1.00031e+016 -9.23485e-006 5.62036 -95.864
0.0021 9.93638e+015 9.90585e+015 -4.8911e-006 5.63516 -175.634
0.0022 9.92629e+015 1.01073e+016 2.90002e-005 5.65549 -39.4885
0.0023 9.92067e+015 9.97636e+015 8.92109e-006 5.64306 174.655
0.0024 1.01483e+016 9.85712e+015 -4.66546e-005 5.62056 -38.4279
0.0025 9.87562e+015 9.94575e+015 1.12373e-005 5.65075 -238.431
0.0026 9.91534e+015 9.95845e+015 6.90775e-006 5.66824 -135.965
0.0027 9.84853e+015 9.9403e+015 1.47039e-005 5.67794 -13.9229
0.0028 9.94104e+015 1.01757e+016 3.75896e-005 5.67103 281.381
0.0029 9.9317e+015 9.86523e+015 -1.06492e-005 5.62166 433.515
0.003 1.00801e+016 1.01813e+016 1.62119e-005 5.58433 464.928
0.0031 9.97637e+015 9.94065e+015 -5.72348e-006 5.52868 524.157
0.0032 1.00898e+016 9.99728e+015 -1.48289e-005 5.47949 408.096
0.0033 1.00783e+016 1.00659e+016 -1.98403e-006 5.44706 313.153
0.0034 9.98189e+015 9.97358e+015 -1.33038e-006 5.41686 294.436
0.0035 9.93686e+015 9.88831e+015 -7.77843e-006 5.38817 242.998
0.0036 1.00101e+016 1.00492e+016 6.24934e-006 5.36826 234.364
0.0037 1.0041e+016 1.00774e+016 5.82421e-006 5.3413 302.543
0.0038 1.01293e+016 1.00209e+016 -1.73623e-005 5.30776 237.387
0.0039 1.00452e+016 1.00453e+016 2.11504e-008 5.29382 139.461
0.004 1.00251e+016 1.0027e+016 2.98191e-007 5.27986 141.264
0.0041 9.8733e+015 1.00317e+016 2.53714e-005 5.26557 286.222
0.0042 9.90456e+015 9.87108e+015 -5.36421e-006 5.22262 399.204
0.0043 1.00712e+016 1.00115e+016 -9.56481e-006 5.18573 314.899
0.0044 9.86921e+015 9.90457e+015 5.66635e-006 5.15964 292.884
0.0045 9.9364e+015 9.87207e+015 -1.03055e-005 5.12715 266.686
0.0046 1.00875e+016 1.00733e+016 -2.25953e-006 5.1063 195.731
0.0047 1.0089e+016 1.00518e+016 -5.96304e-006 5.088 149.298
0.0048 9.95644e+015 9.90061e+015 -8.94476e-006 5.07644 65.1127
0.0049 9.99786e+015 1.00727e+016 1.1992e-005 5.07498 82.3205
0.005 1.01048e+016 1.00068e+016 -1.57e-005 5.05998 61.3812
0.0051 1.01535e+016 1.00942e+016 -9.50488e-006 5.06271 -80.9519
0.0052 1.00653e+016 1.00514e+016 -2.21507e-006 5.07617 -147.135
0.0053 9.86759e+015 9.89518e+015 4.42105e-006 5.09213 -134.678
0.0054 9.96935e+015 1.00086e+016 6.29389e-006 5.1031 -74.17
0.0055 9.93927e+015 1.00074e+016 1.09117e-005 5.10697 22.9908
0.0056 9.96686e+015 9.96645e+015 -6.52353e-008 5.09851 84.2413
0.0057 1.00221e+016 9.83259e+015 -3.03672e-005 5.09012 -87.6121
0.0058 9.99976e+015 9.96347e+015 -5.81361e-006 5.11603 -291.927
0.0059 1.02569e+016 1.02056e+016 -8.22059e-006 5.1485 -371.178
0.006 1.02907e+016 1.00526e+016 -3.81467e-005 5.19026 -633.016
0.0061 9.93302e+015 1.01142e+016 2.90242e-005 5.27511 -684.531
0.0062 9.90091e+015 9.89207e+015 -1.41637e-006 5.32717 -528.628
0.0063 9.98704e+015 9.99643e+015 1.50459e-006 5.38083 -528.13
0.0064 9.88546e+015 1.00341e+016 2.38195e-005 5.4328 -385.124
0.0065 9.94452e+015 9.90357e+015 -6.56042e-006 5.45786 -287.661
0.0066 9.93781e+015 9.99716e+015 9.50828e-006 5.49033 -271.014
0.0067 9.949e+015 9.99299e+015 7.04784e-006 5.51206 -177.521
0.0068 1.00417e+016 9.97989e+015 -9.90264e-006 5.52583 -193.642
0.0069 1.01466e+016 1.00396e+016 -1.71543e-005 5.55079 -346.434
0.007 9.9364e+015 1.00717e+016 2.1685e-005 5.59512 -320.849
0.0071 9.92221e+015 9.79554e+015 -2.02961e-005 5.61496 -313.005
0.0072 9.88745e+015 1.01471e+016 4.16049e-005 5.65772 -192.673
0.0073 1.00955e+016 9.88614e+015 -3.35456e-005 5.65349 -147.162
0.0074 1.00009e+016 1.00319e+016 4.9627e-006 5.68715 -308.571
0.0075 1.00582e+016 1.00406e+016 -2.81741e-006 5.71521 -296.457
0.0076 1.00896e+016 1.00604e+016 -4.68946e-006 5.74644 -338.848
0.0077 1.00844e+016 9.91708e+015 -2.68104e-005 5.78298 -516.729
0.0078 9.90215e+015 1.01048e+016 3.24742e-005 5.84979 -484.746
0.0079 9.9821e+015 1.00081e+016 4.16653e-006 5.87993 -277.833
0.008 9.86109e+015 9.94783e+015 1.3896e-005 5.90536 -175.834
0.0081 9.94231e+015 1.00813e+016 2.22688e-005 5.91509 28.3902
0.0082 1.00537e+016 9.99385e+015 -9.58763e-006 5.89968 100.001
0.0083 9.90757e+015 1.004e+016 2.12109e-005 5.89509 165.639
0.0084 9.95815e+015 9.94534e+015 -2.05234e-006 5.86655 273.828
0.0085 9.91145e+015 9.98197e+015 1.12985e-005 5.84033 326.041
0.0086 1.00114e+016 9.81544e+015 -3.13937e-005 5.80134 212.563
0.0087 9.76112e+015 9.99668e+015 3.77415e-005 5.79781 248.409
0.0088 9.66897e+015 9.78124e+015 1.79881e-005 5.75166 563.117
0.0089 9.86006e+015 9.75589e+015 -1.66903e-005 5.68519 570.446
0.009 9.59941e+015 9.95042e+015 5.62377e-005 5.63757 793.772
0.0091 9.24017e+015 9.40306e+015 2.60981e-005 5.52644 1258.73
0.0092 8.78227e+015 9.15121e+015 5.91106e-005 5.38583 1739.9
0.0093 8.25881e+015 8.66618e+015 6.5268e-005 5.17846 2442.27
0.0094 7.68929e+015 8.25484e+015 9.0611e-005 4.89737 3322.53
0.0095 7.09625e+015 7.32607e+015 3.68219e-005 4.51395 4042.15
0.0096 5.77847e+015 6.57905e+015 0.000128268 4.08894 4974.42
0.0097 4.56021e+015 5.69975e+015 0.000182574 3.51907 6729.76
0.0098 2.97637e+015 4.99647e+015 0.000323654 2.74299 9588.45
0.0099 1.76703e+015 4.30784e+015 0.000407082 1.60138 13714.9
0.01 8.14557e+014 3.87115e+015 0.00048972 0 16013.8
ZONE I=101 T=ZONE_010000
0 9.62454e+014 3.75928e+015 0.0004481 0 -14806.2
0.0001 1.77353e+015 4.08563e+015 0.00037044 1.48062 -12714.3
0.0002 3.05932e+015 4.77651e+015 0.000275125 2.54286 -9068.78
0.0003 4.46631e+015 5.60181e+015 0.000181926 3.29438 -6487.79
0.0004 5.47012e+015 6.42653e+015 0.000153233 3.84042 -4595.13
0.0005 6.60466e+015 6.88924e+015 4.55953e-005 4.2134 -3472.34
0.0006 7.34722e+015 7.723e+015 6.02071e-005 4.53489 -2874.87
0.0007 8.01483e+015 8.28658e+015 4.3539e-005 4.78838 -2289.01
0.0008 8.63522e+015 8.91467e+015 4.47738e-005 4.99269 -1790.3
0.0009 9.11271e+015 9.42171e+015 4.95066e-005 5.14644 -1257.9
0.001 9.22309e+015 9.67521e+015 7.24389e-005 5.24427 -569.267
0.0011 9.71356e+015 9.69073e+015 -3.65794e-006 5.26029 -180.858
0.0012 9.78849e+015 9.95083e+015 2.60091e-005 5.28044 -54.6398
0.0013 9.8634e+015 9.83595e+015 -4.3979e-006 5.27122 67.3993
0.0014 9.98824e+015 1.00219e+016 5.39338e-006 5.26696 73.0209
0.0015 9.91863e+015 9.89465e+015 -3.84211e-006 5.25662 81.781
0.0016 9.95889e+015 9.98971e+015 4.93724e-006 5.25061 87.9653
0.0017 9.98245e+015 9.98112e+015 -2.14191e-007 5.23902 114.637
0.0018 9.89572e+015 9.95783e+015 9.95067e-006 5.22768 169.619
0.0019 1.01215e+016 1.01331e+016 1.85651e-006 5.2051 236.295
0.002 1.00306e+016 1.0013e+016 -2.8325e-006 5.18042 230.783
0.0021 1.00168e+016 9.93516e+015 -1.30797e-005 5.15894 140.926
0.0022 1.00605e+016 1.01012e+016 6.51823e-006 5.15224 103.874
0.0023 9.90056e+015 9.95816e+015 9.22728e-006 5.13817 192.789
0.0024 1.00239e+016 9.9253e+015 -1.58018e-005 5.11368 155.662
0.0025 9.84611e+015 9.8505e+015 7.03573e-007 5.10704 70.4019
0.0026 1.00337e+016 1.00432e+016 1.52601e-006 5.0996 82.9925
0.0027 9.98596e+015 9.94831e+015 -6.03232e-006 5.09044 57.5451
0.0028 1.00578e+016 1.01125e+016 8.77151e-006 5.08809 73.0134
0.0029 1.00408e+016 9.90733e+015 -2.13806e-005 5.07583 1.80908
0.003 1.00006e+016 1.01371e+016 2.18726e-005 5.08773 4.58692
0.0031 1.00044e+016 9.94709e+015 -9.17814e-006 5.07492 76.2728
0.0032 1.00448e+016 1.00342e+016 -1.7073e-006 5.07247 14.8023
0.0033 9.95126e+015 1.00575e+016 1.70295e-005 5.07196 101.327
0.0034 1.00231e+016 9.98286e+015 -6.44741e-006 5.05221 161.085
0.0035 1.00996e+016 9.83983e+015 -4.162e-005 5.03974 -110.354
0.0036 1.01379e+016 1.0038e+016 -1.60123e-005 5.07428 -435.806
0.0037 9.95747e+015 1.01174e+016 2.56196e-005 5.1269 -381.553
0.0038 1.00394e+016 1.00224e+016 -2.71698e-006 5.15059 -252.221
0.0039 1.0056e+016 1.00387e+016 -2.77828e-006 5.17734 -283.253
0.004 9.97136e+015 1.00818e+016 1.76863e-005 5.20724 -199.067
0.0041 9.98925e+015 9.98163e+015 -1.22139e-006 5.21716 -106.089
0.0042 1.00765e+016 9.84506e+015 -3.70858e-005 5.22846 -322.411
0.0043 9.85386e+015 9.98708e+015 2.13443e-005 5.28164 -411.304
0.0044 9.90348e+015 9.9587e+015 8.84642e-006 5.31072 -240.816
0.0045 9.9273e+015 9.88322e+015 -7.06148e-006 5.3298 -230.737
0.0046 9.92946e+015 1.00058e+016 1.22372e-005 5.35686 -201.509
0.0047 1.00727e+016 1.01148e+016 6.75053e-006 5.37011 -94.2844
0.0048 1.01344e+016 9.88227e+015 -4.03967e-005 5.37572 -284.286
0.0049 9.82348e+015 1.00395e+016 3.46055e-005 5.42696 -316.989
0.005 9.9189e+015 1.01037e+016 2.96022e-005 5.43912 45.5948
0.0051 9.95135e+015 1.001e+016 9.40195e-006 5.41784 265.853
0.0052 1.00886e+016 1.00481e+016 -6.47568e-006 5.38595 282.378
0.0053 9.93219e+015 9.97035e+015 6.11359e-006 5.36137 280.333
0.0054 1.00979e+016 9.96222e+015 -2.17369e-005 5.32988 192.108
0.0055 1.00309e+016 9.99955e+015 -5.02914e-006 5.32295 40.9586
0.0056 9.8915e+015 9.97773e+015 1.38161e-005 5.32169 90.5788
0.0057 9.93611e+015 9.83145e+015 -1.67681e-005 5.30483 73.9085
0.0058 9.92698e+015 9.94241e+015 2.47261e-006 5.30691 -6.81878
0.0059 9.96604e+015 1.01907e+016 3.59963e-005 5.30619 210.417
0.006 1.01209e+016 1.01405e+016 3.14477e-006 5.26483 431.448
0.0061 1.00878e+016 9.99063e+015 -1.55667e-005 5.2199 361.3
0.0062 1.01087e+016 9.95304e+015 -2.49333e-005 5.19257 132.595
0.0063 9.85199e+015 1.00217e+016 2.71892e-005 5.19339 145.335
0.0064 9.92422e+015 1.00181e+016 1.50408e-005 5.1635 383.81
0.0065 9.9094e+015 9.91913e+015 1.55856e-006 5.11662 477.547
0.0066 1.0065e+016 1.00089e+016 -8.98312e-006 5.06799 435.62
0.0067 1.00483e+016 9.97044e+015 -1.24826e-005 5.0295 314.402
0.0068 1.02463e+016 9.94323e+015 -4.85586e-005 5.00511 -30.3008
0.0069 9.84384e+015 1.00546e+016 3.37739e-005 5.03556 -113.791
0.007 1.00078e+016 1.00399e+016 5.14025e-006 5.02787 105.959
0.0071 1.00372e+016 9.8538e+015 -2.93866e-005 5.01437 -30.9618
0.0072 9.85298e+015 1.01408e+016 4.61128e-005 5.03406 63.4917
0.0073 1.0156e+016 9.89753e+015 -4.14072e-005 5.00167 90.0645
0.0074 1.00421e+016 1.00334e+016 -1.39743e-006 5.01605 -151.655
0.0075 9.9683e+015 1.00267e+016 9.35151e-006 5.032 -106.738
0.0076 9.97703e+015 1.00228e+016 7.34127e-006 5.03739 -12.4733
0.0077 1.02017e+016 9.96462e+015 -3.79852e-005 5.0345 -185.521
0.0078 1.00161e+016 1.00719e+016 8.94021e-006 5.0745 -349.54
0.0079 9.82022e+015 1.00053e+016 2.96458e-005 5.1044 -131.643
0.008 1.01144e+016 9.98063e+015 -2.14391e-005 5.10083 -85.2986
0.0081 9.9815e+015 1.00333e+016 8.3033e-006 5.12146 -159.477
0.0082 9.92151e+015 1.00507e+016 2.06999e-005 5.13272 4.30551
0.0083 1.00383e+016 9.99913e+015 -6.27647e-006 5.1206 85.7552
0.0084 1.00959e+016 9.95788e+015 -2.21207e-005 5.11557 -74.6048
0.0085 9.82581e+015 9.96287e+015 2.19584e-005 5.13552 -75.5211
0.0086 9.84083e+015 9.79354e+015 -7.57583e-006 5.13068 5.69812
0.0087 9.98106e+015 9.96638e+015 -2.35225e-006 5.13438 -50.3662
0.0088 9.61425e+015 9.7965e+015 2.92001e-005 5.14075 101.245
0.0089 9.58145e+015 9.62209e+015 6.51102e-006 5.11413 302.907
0.009 9.57918e+015 9.78927e+015 3.366e-005 5.08017 529.755
0.0091 9.0542e+015 9.24136e+015 2.99861e-005 5.00818 889.167
0.0092 8.6539e+015 8.95408e+015 4.80942e-005 4.90233 1330.09
0.0093 8.07355e+015 8.40813e+015 5.36052e-005 4.74217 1904.39
0.0094 7.32262e+015 7.90735e+015 9.36845e-005 4.52146 2736.14
0.0095 6.41358e+015 7.04809e+015 0.000101659 4.19494 3839.26
0.0096 5.67399e+015 6.29469e+015 9.94471e-005 3.7536 4974.92
0.0097 4.38681e+015 5.46504e+015 0.000172751 3.19995 6512.03
0.0098 3.21782e+015 4.76347e+015 0.000247639 2.4512 8885.99
0.0099 1.88916e+015 4.06827e+015 0.000349132 1.42276 12256
0.01 8.431e+014 3.75614e+015 0.000466721 0 14227.6
