VARIABLES = x nde ndi rho phi ef
ZONE I=101 T=ZONE_000000
0 1.0002e+016 1.0002e+016 -1.03219e-009 0 0.0662889
0.0001 1e+016 1e+016 1.37626e-009 -6.62889e-006 0.0740607
0.0002 1e+016 1e+016 8.60162e-010 -1.48121e-005 0.0866899
0.0003 1e+016 1e+016 5.16097e-010 -2.39669e-005 0.0944617
0.0004 1e+016 1e+016 5.16097e-010 -3.37045e-005 0.100291
0.0005 1e+016 1e+016 5.16097e-010 -4.4025e-005 0.106119
0.0006 1e+016 1e+016 -6.8813e-010 -5.49284e-005 0.105148
0.0007 1e+016 1e+016 6.8813e-010 -6.50546e-005 0.105148
0.0008 1e+016 1e+016 1.03219e-009 -7.5958e-005 0.114863
0.0009 1e+016 1e+016 3.44065e-010 -8.80271e-005 0.122635
0.001 1e+016 1e+016 3.44065e-010 -0.000100485 0.126521
0.0011 1e+016 1e+016 -1.89236e-009 -0.000113331 0.117777
0.0012 1e+016 1e+016 -8.60162e-010 -0.00012404 0.102234
0.0013 1e+016 1e+016 -5.16097e-010 -0.000133778 0.0944621
0.0014 1e+016 1e+016 -1.03219e-009 -0.000142933 0.0857189
0.0015 1e+016 9.99999e+015 -1.03219e-009 -0.000150922 0.0740613
0.0016 9.99999e+015 1e+016 1.03219e-009 -0.000157745 0.0740614
0.0017 1e+016 1e+016 1.37626e-009 -0.000165734 0.0876621
0.0018 1e+016 9.99999e+015 -1.03219e-009 -0.000175278 0.0896051
0.0019 1e+016 1e+016 5.16097e-010 -0.000183655 0.0866908
0.002 1e+016 9.99999e+015 -2.06439e-009 -0.000192616 0.0779476
0.0021 1e+016 1e+016 1.72032e-010 -0.000199245 0.0672615
0.0022 1e+016 1e+016 -5.16097e-010 -0.000206068 0.0653186
0.0023 1e+016 1e+016 -6.8813e-010 -0.000212308 0.0585184
0.0024 1e+016 1e+016 -6.8813e-010 -0.000217772 0.0507467
0.0025 1e+016 1e+016 -8.60162e-010 -0.000222458 0.0420036
0.0026 1e+016 1e+016 -6.8813e-010 -0.000226172 0.0332604
0.0027 1e+016 1e+016 -1.72032e-009 -0.00022911 0.0196598
0.0028 1e+016 1e+016 0 -0.000230104 0.00994521
0.0029 1e+016 1e+016 -8.60162e-010 -0.000231099 0.00508795
0.003 1e+016 1e+016 5.16097e-010 -0.000231122 0.00314512
0.0031 9.99999e+015 1e+016 5.16097e-010 -0.000231728 0.00897409
0.0032 9.99999e+015 1e+016 1.03219e-009 -0.000232917 0.0177175
0.0033 1e+016 1e+016 6.8813e-010 -0.000235271 0.0274324
0.0034 1e+016 1e+016 -6.8813e-010 -0.000238403 0.0274325
0.0035 1e+016 9.99999e+015 -8.60162e-010 -0.000240758 0.0186893
0.0036 1e+016 1e+016 0 -0.000242141 0.0138321
0.0037 1e+016 1e+016 3.44065e-010 -0.000243524 0.0157752
0.0038 1e+016 1e+016 -1.72032e-010 -0.000245296 0.0167468
0.0039 1e+016 1e+016 8.60162e-010 -0.000246874 0.0206328
0.004 1e+016 1e+016 -6.8813e-010 -0.000249423 0.0216044
0.0041 1e+016 9.99999e+015 -1.72032e-009 -0.000251195 0.00800389
0.0042 1e+016 1e+016 3.44065e-010 -0.000251023 0.000232228
0.0043 1e+016 1e+016 -8.60162e-010 -0.000251241 -0.00268206
0.0044 1e+016 1e+016 -6.8813e-010 -0.000250487 -0.0114252
0.0045 1e+016 1e+016 1.72032e-010 -0.000248956 -0.0143395
0.0046 1e+016 9.99999e+015 -3.44065e-010 -0.000247619 -0.0153108
0.0047 1e+016 1e+016 3.44065e-010 -0.000245894 -0.0153107
0.0048 9.99999e+015 1e+016 8.60162e-010 -0.000244557 -0.00851023
0.0049 9.99999e+015 1e+016 1.20423e-009 -0.000244192 0.0031476
0.005 1e+016 1e+016 -3.44065e-010 -0.000245187 0.00800511
0.0051 1e+016 1e+016 1.03219e-009 -0.000245793 0.0118911
0.0052 1e+016 1e+016 -3.44065e-010 -0.000247565 0.0157772
0.0053 1e+016 1e+016 5.16097e-010 -0.000248948 0.0167488
0.0054 9.99999e+015 1e+016 6.8813e-010 -0.000250915 0.0235492
0.0055 1e+016 1e+016 3.44065e-010 -0.000253658 0.0293782
0.0056 1e+016 1e+016 -3.44065e-010 -0.00025679 0.0293784
0.0057 1e+016 1e+016 -3.44065e-010 -0.000259534 0.0254926
0.0058 1e+016 9.99999e+015 -1.20423e-009 -0.000261889 0.0167494
0.0059 1e+016 1e+016 -5.16097e-010 -0.000262884 0.00703482
0.006 1e+016 1e+016 -1.72032e-010 -0.000263296 0.00314904
0.0061 9.99999e+015 9.99999e+015 -8.60162e-010 -0.000263513 -0.00267968
0.0062 9.99999e+015 1e+016 6.8813e-010 -0.00026276 -0.00365104
0.0063 1e+016 1e+016 1.72032e-010 -0.000262783 0.00120646
0.0064 1e+016 9.99999e+015 -3.09658e-009 -0.000263001 -0.0153085
0.0065 1e+016 9.99999e+015 -6.8813e-010 -0.000259721 -0.0366808
0.0066 1e+016 1e+016 -8.60162e-010 -0.000255665 -0.045424
0.0067 1e+016 1e+016 -5.16097e-010 -0.000250637 -0.0531957
0.0068 1e+016 1e+016 8.60162e-010 -0.000245026 -0.0512526
0.0069 1e+016 1e+016 5.16097e-010 -0.000240386 -0.0434807
0.007 1e+016 1e+016 -1.20423e-009 -0.00023633 -0.0473665
0.0071 1e+016 1e+016 1.72032e-010 -0.000230913 -0.0531953
0.0072 1e+016 9.99999e+015 -6.8813e-010 -0.00022569 -0.0561096
0.0073 1e+016 1e+016 -8.60162e-010 -0.000219691 -0.0648528
0.0074 1e+016 1e+016 3.44065e-010 -0.00021272 -0.0677671
0.0075 1e+016 1e+016 0 -0.000206138 -0.0658241
0.0076 1e+016 1e+016 -8.60162e-010 -0.000199555 -0.0706814
0.0077 1e+016 1e+016 -3.44065e-010 -0.000192001 -0.0774816
0.0078 1e+016 1e+016 0 -0.000184059 -0.0794245
0.0079 1e+016 1e+016 5.16097e-010 -0.000176116 -0.07651
0.008 1e+016 9.99999e+015 -1.37626e-009 -0.000168757 -0.0813673
0.0081 1e+016 1e+016 8.60162e-010 -0.000159843 -0.0842816
0.0082 1e+016 1e+016 5.16097e-010 -0.0001519 -0.0765098
0.0083 1e+016 1e+016 6.8813e-010 -0.000144541 -0.0697094
0.0084 1e+016 1e+016 1.89236e-009 -0.000137959 -0.0551372
0.0085 1e+016 1e+016 -1.72032e-010 -0.000133514 -0.0454224
0.0086 1e+016 1e+016 0 -0.000128874 -0.0463938
0.0087 1e+016 1e+016 -1.72032e-010 -0.000124235 -0.0473653
0.0088 1e+016 9.99999e+015 -1.54829e-009 -0.000119401 -0.05708
0.0089 1e+016 1e+016 -1.37626e-009 -0.000112819 -0.073595
0.009 1e+016 1e+016 0 -0.000104682 -0.0813668
0.0091 1e+016 1e+016 -5.16097e-010 -9.65454e-005 -0.0842812
0.0092 1e+016 1e+016 -1.37626e-009 -8.78258e-005 -0.0949674
0.0093 1e+016 9.99999e+015 -8.60162e-010 -7.75519e-005 -0.107597
0.0094 1e+016 1e+016 1.72032e-010 -6.63065e-005 -0.111482
0.0095 1e+016 1e+016 0 -5.52554e-005 -0.110511
0.0096 1e+016 1e+016 1.72032e-010 -4.42044e-005 -0.109539
0.0097 1e+016 1e+016 -3.44065e-010 -3.33476e-005 -0.110511
0.0098 1e+016 1e+016 3.44065e-010 -2.21022e-005 -0.110511
0.0099 1e+016 1e+016 -3.44065e-010 -1.12454e-005 -0.110511
0.01 9.998e+015 9.998e+015 -1.20423e-009 0 -0.112454
ZONE I=101 T=ZONE_001000
0 1.63864e+014 8.93973e+015 0.00140605 0 -38446
0.0001 1.14323e+015 9.60986e+015 0.0013565 3.8446 -30785.8
0.0002 3.60233e+015 9.71447e+015 0.000979273 6.15715 -17595.5
0.0003 6.44264e+015 9.85499e+015 0.000546719 7.36371 -8978.19
0.0004 8.2713e+015 9.93508e+015 0.000266567 7.95279 -4385.53
0.0005 9.04168e+015 9.91841e+015 0.000140469 8.24081 -2086.98
0.0006 9.62572e+015 1.00685e+016 7.09422e-005 8.37019 -893.135
0.0007 9.87083e+015 9.94432e+015 1.17754e-005 8.41944 -426.025
0.0008 9.95213e+015 1.00297e+016 1.24333e-005 8.45539 -289.317
0.0009 9.81865e+015 9.93081e+015 1.7971e-005 8.47731 -117.622
0.001 9.77463e+015 1.00713e+016 4.75276e-005 8.47892 252.251
0.0011 9.95077e+015 9.94996e+015 -1.30056e-007 8.42686 519.907
0.0012 9.97106e+015 1.00304e+016 9.5103e-006 8.37494 572.878
0.0013 9.98207e+015 9.92319e+015 -9.43391e-006 8.31228 573.309
0.0014 9.99408e+015 1.00933e+016 1.59028e-005 8.26028 609.839
0.0015 1.0054e+016 9.98987e+015 -1.0269e-005 8.19031 641.654
0.0016 1.01267e+016 1.00132e+016 -1.8195e-005 8.13195 480.917
0.0017 1.01554e+016 1.00098e+016 -2.33374e-005 8.09413 246.381
0.0018 1.00514e+016 9.96118e+015 -1.44579e-005 8.08267 32.9494
0.0019 9.98276e+015 9.96091e+015 -3.50103e-006 8.08754 -68.4658
0.002 1.00145e+016 1.0044e+016 4.71902e-006 8.09636 -61.5877
0.0021 1.01476e+016 9.94432e+015 -3.25745e-005 8.09986 -218.889
0.0022 1.00751e+016 1.00852e+016 1.61882e-006 8.14014 -393.697
0.0023 1.0049e+016 9.89682e+015 -2.43794e-005 8.1786 -522.227
0.0024 9.88628e+015 1.00734e+016 2.99808e-005 8.24459 -490.596
0.0025 9.9378e+015 1.00082e+016 1.12791e-005 8.27671 -257.599
0.0026 1.00622e+016 1.00127e+016 -7.9405e-006 8.29611 -238.746
0.0027 1.00708e+016 9.95424e+015 -1.86726e-005 8.32446 -389.031
0.0028 1.00291e+016 1.00618e+016 5.22755e-006 8.37391 -464.956
0.0029 9.85788e+015 9.94728e+015 1.43224e-005 8.41745 -354.556
0.003 1.00024e+016 1.00465e+016 7.07174e-006 8.44482 -233.743
0.0031 9.95236e+015 9.93108e+015 -3.40985e-006 8.4642 -213.064
0.0032 1.00525e+016 1.00509e+016 -2.56844e-007 8.48744 -233.77
0.0033 1.0035e+016 9.96497e+015 -1.12139e-005 8.51096 -298.546
0.0034 1.00044e+016 1.00782e+016 1.18307e-005 8.54714 -295.063
0.0035 9.8308e+015 9.93038e+015 1.59543e-005 8.56997 -138.16
0.0036 1.00634e+016 9.95322e+015 -1.76584e-005 8.57478 -147.784
0.0037 1.02125e+016 1.00651e+016 -2.362e-005 8.59953 -380.885
0.0038 1.0092e+016 1.00192e+016 -1.16714e-005 8.65095 -580.177
0.0039 9.89205e+015 1.00014e+016 1.75208e-005 8.71556 -547.145
0.004 9.90819e+015 9.92923e+015 3.37115e-006 8.76038 -429.168
0.0041 1.00996e+016 9.97641e+015 -1.97447e-005 8.8014 -521.63
0.0042 1.00706e+016 1.00997e+016 4.66036e-006 8.86471 -606.811
0.0043 9.95445e+015 9.92965e+015 -3.97412e-006 8.92276 -602.936
0.0044 1.00118e+016 1.00515e+016 6.36709e-006 8.9853 -589.423
0.0045 1.01831e+016 9.99081e+015 -3.08143e-005 9.04064 -727.477
0.0046 9.92633e+015 1.00057e+016 1.27227e-005 9.13079 -829.641
0.0047 9.63347e+015 9.96566e+015 5.32222e-005 9.20657 -457.248
0.0048 1.0024e+016 1.0018e+016 -9.70607e-007 9.22224 -162.181
0.0049 9.86152e+015 9.94896e+015 1.40098e-005 9.23901 -88.5481
0.005 9.95271e+015 1.00869e+016 2.15008e-005 9.23995 111.982
0.0051 9.98334e+015 9.97871e+015 -7.4146e-007 9.21661 229.211
0.0052 9.77614e+015 1.00112e+016 3.76617e-005 9.19411 437.701
0.0053 9.95129e+015 1.00099e+016 9.38798e-006 9.12907 703.392
0.0054 9.93049e+015 9.98473e+015 8.69176e-006 9.05343 805.489
0.0055 1.00005e+016 9.93917e+015 -9.832e-006 8.96797 799.051
0.0056 9.98162e+015 1.00153e+016 5.40061e-006 8.89362 774.026
0.0057 1.0052e+016 1.00033e+016 -7.80391e-006 8.81317 760.455
0.0058 1.00384e+016 1.00009e+016 -6.01649e-006 8.74153 682.41
0.0059 1.00348e+016 1e+016 -5.57591e-006 8.67669 616.948
0.006 9.93913e+015 1.00115e+016 1.15965e-005 8.61814 650.946
0.0061 1.01381e+016 1.0001e+016 -2.19739e-005 8.5465 592.345
0.0062 9.99334e+015 1.00442e+016 8.15485e-006 8.49967 514.308
0.0063 1.0054e+016 9.9577e+015 -1.5421e-005 8.44363 473.276
0.0064 1.0087e+016 1.00108e+016 -1.22128e-005 8.40502 317.227
0.0065 1.02035e+016 9.91979e+015 -4.54491e-005 8.38019 -8.39171
0.0066 1.00117e+016 1.00906e+016 1.26475e-005 8.40669 -193.624
0.0067 9.82193e+015 9.92579e+015 1.66393e-005 8.41891 -28.2399
0.0068 1.00689e+016 1.0062e+016 -1.10582e-006 8.41234 59.4784
0.0069 9.91694e+015 9.98702e+015 1.12292e-005 8.40702 116.646
0.007 1.00334e+016 1.00135e+016 -3.19447e-006 8.38901 162.019
0.0071 9.92005e+015 9.984e+015 1.02449e-005 8.37461 201.833
0.0072 9.99454e+015 1.00628e+016 1.09294e-005 8.34865 321.405
0.0073 9.95075e+015 9.97178e+015 3.36943e-006 8.31033 402.151
0.0074 9.88523e+015 9.96062e+015 1.20794e-005 8.26822 489.391
0.0075 9.93633e+015 1.00526e+016 1.86339e-005 8.21246 662.83
0.0076 9.93746e+015 9.966e+015 4.57245e-006 8.13565 793.877
0.0077 1.0157e+016 9.95349e+015 -3.26087e-005 8.05368 635.555
0.0078 1.02779e+016 9.94978e+015 -5.25771e-005 8.00854 154.507
0.0079 1.00614e+016 1.00502e+016 -1.78363e-006 8.02278 -152.47
0.008 9.95497e+015 1.00396e+016 1.35574e-005 8.03903 -85.9834
0.0081 1.01476e+016 1.00065e+016 -2.2599e-005 8.03998 -137.042
0.0082 1.00434e+016 1.00217e+016 -3.47265e-006 8.06644 -284.27
0.0083 1.01675e+016 9.92145e+015 -3.94152e-005 8.09683 -526.46
0.0084 1.01878e+016 1.00591e+016 -2.06243e-005 8.17173 -865.505
0.0085 9.81036e+015 9.9668e+015 2.50631e-005 8.26993 -840.439
0.0086 9.91043e+015 1.00271e+016 1.86881e-005 8.33982 -593.375
0.0087 9.90663e+015 9.9835e+015 1.23161e-005 8.38861 -418.293
0.0088 1.01033e+016 9.94286e+015 -2.57094e-005 8.42348 -493.925
0.0089 9.95636e+015 1.00744e+016 1.89146e-005 8.48739 -532.295
0.009 9.75009e+015 9.96235e+015 3.40082e-005 8.52994 -233.438
0.0091 1.00487e+016 1.00769e+016 4.50845e-006 8.53408 -15.9323
0.0092 9.69443e+015 1.00395e+016 5.52802e-005 8.53313 321.697
0.0093 9.79123e+015 9.90902e+015 1.88725e-005 8.46974 740.44
0.0094 9.64255e+015 9.94311e+015 4.81558e-005 8.38504 1118.95
0.0095 9.02907e+015 9.99776e+015 0.000155201 8.24595 2267.32
0.0096 8.33314e+015 9.90948e+015 0.000252559 7.93157 4569.96
0.0097 6.60097e+015 9.85981e+015 0.000522125 7.33196 8944.63
0.0098 3.61622e+015 9.71145e+015 0.000976563 6.14265 17407.8
0.0099 1.06759e+015 9.67847e+015 0.00137961 3.8504 30713.2
0.01 1.14833e+014 8.86856e+015 0.0014025 0 38504
ZONE I=101 T=ZONE_002000
0 4.03113e+014 8.31359e+015 0.0012674 0 -34683.8
0.0001 1.56936e+015 8.7252e+015 0.00114649 3.46838 -28209.5
0.0002 3.86054e+015 8.92412e+015 0.000811274 5.6419 -17153.9
0.0003 6.04231e+015 9.38133e+015 0.000534971 6.89916 -9551.59
0.0004 7.74462e+015 9.66822e+015 0.000308194 7.55221 -4790.2
0.0005 8.81587e+015 9.75851e+015 0.000151028 7.8572 -2196.96
0.0006 9.46011e+015 9.99123e+015 8.50943e-005 7.99161 -863.563
0.0007 9.76596e+015 9.96902e+015 3.25344e-005 8.02991 -199.308
0.0008 9.81144e+015 9.92584e+015 1.83292e-005 8.03147 87.9207
0.0009 1.00684e+016 9.9774e+015 -1.4584e-005 8.01233 109.07
0.001 1.00004e+016 1.00497e+016 7.90196e-006 8.00965 71.3357
0.0011 9.92624e+015 9.97645e+015 8.04561e-006 7.99806 161.392
0.0012 1.00492e+016 1.00067e+016 -6.80474e-006 7.97738 168.4
0.0013 9.97746e+015 9.90449e+015 -1.16903e-005 7.96438 63.9573
0.0014 9.9674e+015 1.01321e+016 2.63932e-005 7.96458 146.985
0.0015 1.01144e+016 9.97842e+015 -2.17912e-005 7.93498 172.973
0.0016 1.0039e+016 1.00438e+016 7.68813e-007 7.92999 54.2591
0.0017 1.01133e+016 1.00009e+016 -1.80058e-005 7.92413 -43.0788
0.0018 1.00058e+016 9.91377e+015 -1.47375e-005 7.9386 -227.982
0.0019 9.95038e+015 9.97493e+015 3.933e-006 7.96973 -288.995
0.002 9.90903e+015 1.00584e+016 2.39271e-005 7.9964 -131.668
0.0021 9.86442e+015 9.92767e+015 1.01341e-005 7.99606 60.6776
0.0022 9.97013e+015 1.00394e+016 1.10954e-005 7.98427 180.562
0.0023 9.81167e+015 9.96021e+015 2.37972e-005 7.95995 377.602
0.0024 1.01208e+016 1.00557e+016 -1.04401e-005 7.90875 453.03
0.0025 1.03046e+016 1.00336e+016 -4.34208e-005 7.86934 148.875
0.0026 9.99291e+015 1.00192e+016 4.21875e-006 7.87897 -72.5009
0.0027 9.98393e+015 9.93703e+015 -7.5142e-006 7.88384 -91.1104
0.0028 1.01093e+016 1.00754e+016 -5.43106e-006 7.8972 -164.213
0.0029 9.85069e+015 9.92764e+015 1.23282e-005 7.91668 -125.265
0.003 9.97244e+015 1.00676e+016 1.52515e-005 7.92225 30.4793
0.0031 1.03277e+016 9.9204e+015 -6.52519e-005 7.91059 -251.875
0.0032 1.01137e+016 1.0033e+016 -1.29306e-005 7.97262 -693.375
0.0033 9.90616e+015 9.9755e+015 1.11104e-005 8.04926 -703.654
0.0034 1.00423e+016 1.00989e+016 9.06697e-006 8.11335 -589.712
0.0035 1.01332e+016 9.92986e+015 -3.25721e-005 8.1672 -722.447
0.0036 9.85816e+015 9.90824e+015 8.0248e-006 8.25784 -861.066
0.0037 1.00078e+016 1.00485e+016 6.51315e-006 8.33942 -778.97
0.0038 9.86412e+015 1.01214e+016 4.12128e-005 8.41364 -509.46
0.0039 9.8358e+015 9.94844e+015 1.80457e-005 8.44131 -174.824
0.004 9.80667e+015 9.89907e+015 1.48039e-005 8.4486 10.6787
0.0041 1.00199e+016 9.95273e+015 -1.0761e-005 8.43917 33.5094
0.0042 9.82283e+015 1.01245e+016 4.83335e-005 8.4419 245.683
0.0043 1.01415e+016 9.9531e+015 -3.01846e-005 8.39004 348.171
0.0044 9.92378e+015 1.00413e+016 1.88276e-005 8.37227 284.037
0.0045 1.01464e+016 1.00106e+016 -2.17628e-005 8.33323 267.462
0.0046 9.93253e+015 1.00269e+016 1.51216e-005 8.31877 229.959
0.0047 9.89575e+015 9.87951e+015 -2.60182e-006 8.28724 300.659
0.0048 1.00395e+016 1.00882e+016 7.79238e-006 8.25864 329.97
0.0049 1.01033e+016 9.89358e+015 -3.35931e-005 8.22124 184.273
0.005 9.97976e+015 1.01312e+016 2.42667e-005 8.22179 131.606
0.0051 9.9871e+015 9.96158e+015 -4.08973e-006 8.19492 245.546
0.0052 1.01383e+016 1.0079e+016 -9.50582e-006 8.17268 168.772
0.0053 1.02502e+016 9.99964e+015 -4.01441e-005 8.16117 -111.604
0.0054 1.00661e+016 9.90727e+015 -2.54536e-005 8.195 -482.037
0.0055 9.94744e+015 9.94637e+015 -1.71172e-007 8.25758 -626.741
0.0056 9.73661e+015 1.00088e+016 4.36131e-005 8.32035 -381.422
0.0057 9.91631e+015 1.00238e+016 1.72201e-005 8.33386 -37.894
0.0058 1.00907e+016 9.98294e+015 -1.72647e-005 8.32793 -38.1456
0.0059 9.93122e+015 1.00036e+016 1.16003e-005 8.34149 -70.1324
0.006 9.91322e+015 1.00252e+016 1.7943e-005 8.34195 96.6999
0.0061 9.93673e+015 1.00114e+016 1.19621e-005 8.32215 265.575
0.0062 9.99778e+015 1.00298e+016 5.13586e-006 8.28884 362.128
0.0063 1.01414e+016 9.97525e+015 -2.66222e-005 8.24972 240.794
0.0064 9.85161e+015 9.99084e+015 2.23059e-005 8.24068 216.42
0.0065 9.78583e+015 9.89274e+015 1.71296e-005 8.20644 439.114
0.0066 9.94821e+015 1.01265e+016 2.85612e-005 8.15286 697.132
0.0067 1.00843e+016 9.91217e+015 -2.75751e-005 8.06701 702.7
0.0068 1.00657e+016 1.00445e+016 -3.39747e-006 8.01232 527.797
0.0069 1.02915e+016 1.00234e+016 -4.2962e-005 7.96145 266.003
0.007 9.99296e+015 1.0014e+016 3.37682e-006 7.95912 42.4635
0.0071 9.93035e+015 9.99078e+015 9.68284e-006 7.95296 116.212
0.0072 9.97096e+015 1.00759e+016 1.68048e-005 7.93587 265.789
0.0073 1.00773e+016 9.99272e+015 -1.35558e-005 7.8998 284.136
0.0074 1.01258e+016 9.91996e+015 -3.2976e-005 7.87905 21.3689
0.0075 9.89504e+015 1.00458e+016 2.41477e-005 7.89553 -28.4853
0.0076 9.87193e+015 9.99389e+015 1.95394e-005 7.88474 218.218
0.0077 9.92762e+015 9.86726e+015 -9.67097e-006 7.85189 273.945
0.0078 1.01662e+016 9.95765e+015 -3.34213e-005 7.82995 30.6018
0.0079 1.01554e+016 1.00375e+016 -1.88847e-005 7.84577 -264.772
0.008 9.91982e+015 1.01055e+016 2.97499e-005 7.88291 -203.416
0.0081 9.97372e+015 1.00399e+016 1.06051e-005 7.88645 24.4708
0.0082 1.00142e+016 9.97863e+015 -5.69599e-006 7.87801 52.1928
0.0083 9.95261e+015 9.89964e+015 -8.48533e-006 7.87601 -27.8898
0.0084 9.95444e+015 1.00618e+016 1.72069e-005 7.88359 21.3611
0.0085 1.0184e+016 9.99892e+015 -2.96572e-005 7.87174 -48.9465
0.0086 1.00423e+016 1.00238e+016 -2.95947e-006 7.89338 -233.134
0.0087 1.00727e+016 9.93099e+015 -2.27026e-005 7.91837 -378.049
0.0088 9.76295e+015 9.96423e+015 3.22478e-005 7.96899 -324.147
0.0089 1.00364e+016 1.00955e+016 9.458e-006 7.98319 -88.6322
0.009 1.0019e+016 9.97186e+015 -7.55824e-006 7.98672 -77.9042
0.0091 9.98766e+015 1.0058e+016 1.12769e-005 7.99878 -56.9048
0.0092 9.95394e+015 1.01021e+016 2.3732e-005 7.9981 140.792
0.0093 9.75184e+015 9.83236e+015 1.28998e-005 7.97062 347.654
0.0094 9.29311e+015 9.79381e+015 8.02215e-005 7.92857 873.514
0.0095 8.88358e+015 9.91658e+015 0.000165504 7.79591 2261.14
0.0096 7.88191e+015 9.54796e+015 0.00026693 7.47634 4703.11
0.0097 6.14794e+015 9.45489e+015 0.000529831 6.85529 9202.46
0.0098 3.68601e+015 8.9271e+015 0.000839714 5.63585 16936.3
0.0099 1.61016e+015 8.79551e+015 0.00115122 3.46802 28179.2
0.01 4.70639e+014 8.52252e+015 0.00129005 0 34680.2
ZONE I=101 T=ZONE_003000
0 4.51469e+014 7.51666e+015 0.00113197 0 -29624.1
0.0001 1.80602e+015 7.69015e+015 0.000942741 2.96241 -24300.4
0.0002 3.98249e+015 7.98536e+015 0.00064133 4.86007 -15355
0.0003 5.96406e+015 8.73224e+015 0.000443512 6.03341 -9228.88
0.0004 7.71959e+015 9.23014e+015 0.000242017 6.70585 -5357.66
0.0005 8.65686e+015 9.51111e+015 0.000136867 7.10494 -3218.09
0.0006 9.16403e+015 9.86271e+015 0.000111941 7.34946 -1813.06
0.0007 9.60208e+015 9.93972e+015 5.40951e-005 7.46756 -875.444
0.0008 9.78634e+015 9.78658e+015 3.87073e-008 7.52455 -569.748
0.0009 9.88754e+015 1.00795e+016 3.07608e-005 7.58151 -395.822
0.001 9.89657e+015 9.97865e+015 1.31503e-005 7.60372 -147.854
0.0011 9.89e+015 1.00332e+016 2.29362e-005 7.61108 55.9281
0.0012 1.00353e+016 9.92768e+015 -1.72401e-005 7.59253 88.0946
0.0013 1.00189e+016 9.97348e+015 -7.27508e-006 7.59346 -50.3435
0.0014 9.98199e+015 1.00688e+016 1.39105e-005 7.6026 -12.8728
0.0015 1.00648e+016 1.00248e+016 -6.42111e-006 7.59603 29.4204
0.0016 1.0002e+016 1.008e+016 1.24964e-005 7.59672 63.728
0.0017 1.00217e+016 9.94494e+015 -1.22977e-005 7.58329 64.8501
0.0018 9.98361e+015 9.90098e+015 -1.32377e-005 7.58375 -79.3498
0.0019 9.85822e+015 9.98129e+015 1.97187e-005 7.59916 -42.7514
0.002 9.97522e+015 1.00411e+016 1.05487e-005 7.5923 128.17
0.0021 1.02405e+016 9.9876e+015 -4.05181e-005 7.57352 -41.0688
0.0022 9.96117e+015 9.95413e+015 -1.12767e-006 7.60051 -276.244
0.0023 1.00015e+016 1.00041e+016 4.11674e-007 7.62877 -280.288
0.0024 1.00855e+016 1.00729e+016 -2.0219e-006 7.65657 -289.381
0.0025 1.02178e+016 1.00389e+016 -2.86587e-005 7.68665 -462.635
0.0026 1.00593e+016 1.00006e+016 -9.39865e-006 7.74909 -677.547
0.0027 1.00552e+016 9.98693e+015 -1.09316e-005 7.82216 -792.353
0.0028 9.84406e+015 1.00214e+016 2.84165e-005 7.90757 -693.615
0.0029 9.85912e+015 9.92648e+015 1.07928e-005 7.96088 -472.199
0.003 9.91185e+015 1.01023e+016 3.0517e-005 8.00201 -238.92
0.0031 9.7707e+015 9.93801e+015 2.68073e-005 8.00866 84.7925
0.0032 1.00174e+016 9.93407e+015 -1.33432e-005 7.98505 160.825
0.0033 9.96649e+015 1.00589e+016 1.4811e-005 7.9765 169.114
0.0034 9.8447e+015 1.00683e+016 3.58213e-005 7.95122 455.036
0.0035 9.95071e+015 9.9677e+015 2.72138e-006 7.88549 672.688
0.0036 1.00849e+016 9.86516e+015 -3.52057e-005 7.81669 489.248
0.0037 1.00429e+016 1.00278e+016 -2.43237e-006 7.78764 276.703
0.0038 1.00234e+016 1.02136e+016 3.04607e-005 7.76135 434.981
0.0039 9.96418e+015 9.86732e+015 -1.55178e-005 7.70065 519.364
0.004 9.87577e+015 9.89677e+015 3.3653e-006 7.65747 450.738
0.0041 1.00037e+016 9.97624e+015 -4.39164e-006 7.6105 444.942
0.0042 1.00493e+016 1.01061e+016 9.10722e-006 7.56848 471.572
0.0043 1.02422e+016 9.9592e+015 -4.53438e-005 7.51618 266.942
0.0044 1.01475e+016 1.00301e+016 -1.88157e-005 7.5151 -95.3694
0.0045 1.00457e+016 1.00571e+016 1.82681e-006 7.53526 -191.306
0.0046 9.97272e+015 9.99552e+015 3.65362e-006 7.55336 -160.358
0.0047 9.9077e+015 9.86763e+015 -6.42008e-006 7.56733 -175.98
0.0048 9.92204e+015 1.01013e+016 2.8728e-005 7.58855 -50.0064
0.0049 9.84326e+015 9.91007e+015 1.07042e-005 7.57733 172.669
0.005 1.01114e+016 1.00913e+016 -3.21271e-006 7.55402 214.974
0.0051 1.00411e+016 9.98744e+015 -8.60059e-006 7.53434 148.264
0.0052 1.01516e+016 1.01422e+016 -1.51027e-006 7.52437 91.1673
0.0053 1.00532e+016 9.95607e+015 -1.55688e-005 7.5161 -5.27874
0.0054 9.85359e+015 9.88691e+015 5.33782e-006 7.52542 -63.0533
0.0055 9.88966e+015 9.92688e+015 5.96213e-006 7.52871 0.758009
0.0056 1.00397e+016 9.99262e+015 -7.53433e-006 7.52527 -8.1203
0.0057 1.01617e+016 1.00809e+016 -1.29544e-005 7.53034 -123.821
0.0058 1.01027e+016 9.9196e+015 -2.93358e-005 7.55003 -362.636
0.0059 1.00922e+016 1.00269e+016 -1.04568e-005 7.60286 -587.347
0.006 1.01204e+016 1.0056e+016 -1.03269e-005 7.6675 -704.713
0.0061 9.96892e+015 9.99721e+015 4.53323e-006 7.74381 -737.431
0.0062 9.88757e+015 1.00223e+016 2.15926e-005 7.81499 -589.897
0.0063 9.87864e+015 9.99113e+015 1.8024e-005 7.86179 -366.18
0.0064 9.94283e+015 9.95586e+015 2.0871e-006 7.88823 -252.611
0.0065 1.00804e+016 9.89788e+015 -2.92367e-005 7.91231 -405.927
0.0066 1.00656e+016 1.01216e+016 8.97252e-006 7.96941 -520.36
0.0067 9.80283e+015 9.96954e+015 2.67098e-005 8.01638 -318.86
0.0068 9.93994e+015 9.94846e+015 1.36577e-006 8.03318 -160.316
0.0069 9.97848e+015 1.00978e+016 1.91228e-005 8.04844 -44.6167
0.007 9.76489e+015 1.00215e+016 4.11157e-005 8.04211 295.553
0.0071 1.00091e+016 9.99189e+015 -2.75303e-006 7.98933 512.189
0.0072 9.97193e+015 1.00726e+016 1.61287e-005 7.93967 587.722
0.0073 1.00428e+016 1.0004e+016 -6.20658e-006 7.87179 643.753
0.0074 9.80771e+015 9.92067e+015 1.80982e-005 7.81092 710.905
0.0075 9.91948e+015 1.00169e+016 1.5614e-005 7.72961 901.279
0.0076 9.9776e+015 1.00141e+016 5.84618e-006 7.63066 1022.47
0.0077 9.97735e+015 9.78629e+015 -3.0612e-005 7.52511 882.612
0.0078 1.02439e+016 9.97764e+015 -4.26558e-005 7.45414 468.866
0.0079 1.01603e+016 1.00214e+016 -2.22484e-005 7.43134 102.349
0.008 1.01721e+016 1.01335e+016 -6.19575e-006 7.43367 -58.2766
0.0081 1.0088e+016 1.01188e+016 4.94301e-006 7.443 -65.3508
0.0082 1.00073e+016 9.89734e+015 -1.76185e-005 7.44674 -136.93
0.0083 1.00437e+016 9.91897e+015 -1.99912e-005 7.47038 -349.314
0.0084 1.00154e+016 1.00657e+016 8.0518e-006 7.5166 -416.736
0.0085 9.96721e+015 9.99508e+015 4.46544e-006 7.55373 -346.051
0.0086 9.85935e+015 1.00138e+016 2.47417e-005 7.58581 -181.117
0.0087 9.88673e+015 9.90878e+015 3.5332e-006 7.58995 -21.447
0.0088 1.00641e+016 1.00141e+016 -8.01224e-006 7.5901 -46.7403
0.0089 9.94437e+015 1.00718e+016 2.04223e-005 7.5993 23.3399
0.009 1.00309e+016 9.99803e+015 -5.27107e-006 7.58543 108.9
0.0091 9.89759e+015 1.00303e+016 2.12634e-005 7.57752 199.209
0.0092 9.62064e+015 1.00639e+016 7.10258e-005 7.54559 720.37
0.0093 9.51267e+015 9.80415e+015 4.66991e-005 7.43345 1385.17
0.0094 9.31794e+015 9.63635e+015 5.10145e-005 7.26856 1936.96
0.0095 8.68288e+015 9.63668e+015 0.000152815 7.04606 3088
0.0096 7.59027e+015 9.08835e+015 0.00024002 6.65096 5306.36
0.0097 6.14551e+015 8.83466e+015 0.000430849 5.98478 9094.78
0.0098 4.02567e+015 8.03472e+015 0.00064232 4.832 15155
0.0099 1.7273e+015 7.67121e+015 0.000952319 2.95378 24160
0.01 5.04833e+014 7.52151e+015 0.0011242 0 29537.8
ZONE I=101 T=ZONE_004000
0 7.92788e+014 6.55764e+015 0.000923631 0 -26251.1
0.0001 2.09165e+015 6.60742e+015 0.000723506 2.62511 -22165.5
0.0002 3.92604e+015 7.15617e+015 0.000517523 4.43309 -15157.3
0.0003 5.49509e+015 8.08577e+015 0.000415072 5.65658 -9890.9
0.0004 7.24818e+015 8.70422e+015 0.000233284 6.41127 -6229.6
0.0005 8.2244e+015 9.17008e+015 0.000151514 6.9025 -4056.63
0.0006 8.85381e+015 9.69925e+015 0.000135455 7.2226 -2436.1
0.0007 9.18471e+015 9.76653e+015 9.3217e-005 7.38972 -1144.78
0.0008 9.67608e+015 9.76498e+015 1.42436e-005 7.45156 -537.949
0.0009 9.85072e+015 1.00925e+016 3.87407e-005 7.49731 -238.745
0.001 1.00238e+016 9.92737e+015 -1.54425e-005 7.4993 -107.179
0.0011 9.74399e+015 1.00697e+016 5.21855e-005 7.51874 100.311
0.0012 9.83533e+015 9.88929e+015 8.64497e-006 7.47924 443.823
0.0013 1.0088e+016 9.99207e+015 -1.53747e-005 7.42998 405.82
0.0014 9.85935e+015 1.00442e+016 2.9618e-005 7.39808 486.253
0.0015 1.00388e+016 1.00563e+016 2.79845e-006 7.33273 669.309
0.0016 9.9602e+015 1.01037e+016 2.29916e-005 7.26422 814.947
0.0017 9.93553e+015 9.87436e+015 -9.8e-006 7.16974 889.441
0.0018 1.00543e+016 9.93462e+015 -1.91678e-005 7.08633 725.858
0.0019 9.95086e+015 9.9597e+015 1.41634e-006 7.02457 625.614
0.002 9.89221e+015 1.0003e+016 1.77462e-005 6.96121 733.826
0.0021 1.01231e+016 1.00643e+016 -9.40845e-006 6.8778 780.91
0.0022 1.00758e+016 9.92459e+015 -2.42246e-005 6.80502 590.982
0.0023 9.97687e+015 9.97316e+015 -5.9506e-007 6.7596 450.825
0.0024 1.03021e+016 1.01287e+016 -2.77769e-005 6.71486 290.607
0.0025 9.99172e+015 1.00027e+016 1.76591e-006 6.70148 143.722
0.0026 9.98988e+015 1.00562e+016 1.06189e-005 6.68611 213.66
0.0027 1.00803e+016 9.95809e+015 -1.95826e-005 6.65875 163.041
0.0028 9.96033e+015 1.00138e+016 8.57134e-006 6.65351 100.86
0.0029 1.01953e+016 9.90118e+015 -4.71254e-005 6.63858 -116.856
0.003 1.00956e+016 1.01402e+016 7.13986e-006 6.67688 -342.656
0.0031 9.82563e+015 9.95208e+015 2.02597e-005 6.70711 -187.93
0.0032 1.01403e+016 9.88458e+015 -4.09767e-005 6.71446 -304.919
0.0033 9.85291e+015 1.01114e+016 4.14118e-005 6.76809 -302.463
0.0034 9.9868e+015 1.00197e+016 5.27795e-006 6.77496 -38.8033
0.0035 1.00238e+016 9.99496e+015 -4.62853e-006 6.77586 -35.136
0.0036 9.86437e+015 9.87272e+015 1.33893e-006 6.78198 -53.7126
0.0037 1.00795e+016 1.00131e+016 -1.06354e-005 6.7866 -106.21
0.0038 9.99003e+015 1.02089e+016 3.50745e-005 6.80322 31.7986
0.0039 9.95742e+015 9.86079e+015 -1.54815e-005 6.78024 142.441
0.004 9.89632e+015 9.9138e+015 2.80138e-006 6.77474 70.8354
0.0041 9.80412e+015 9.95958e+015 2.49081e-005 6.76607 227.312
0.0042 9.85209e+015 1.00964e+016 3.91458e-005 6.72927 589.027
0.0043 1.00669e+016 9.95828e+015 -1.73999e-005 6.64827 711.827
0.0044 1.01202e+016 1.0047e+016 -1.17242e-005 6.58691 547.362
0.0045 1.00714e+016 1.00716e+016 3.85353e-008 6.53879 481.373
0.0046 1.00313e+016 9.97383e+015 -9.21147e-006 6.49063 429.573
0.0047 1.009e+016 9.85463e+015 -3.77154e-005 6.45288 164.575
0.0048 1.00711e+016 1.01103e+016 6.2883e-006 6.45772 -12.8951
0.0049 1.00685e+016 9.95785e+015 -1.77269e-005 6.45546 -77.4894
0.005 1.00595e+016 9.99668e+015 -1.00582e-005 6.47322 -234.393
0.0051 1.00688e+016 1.01062e+016 5.99068e-006 6.50234 -257.363
0.0052 9.83533e+015 1.00868e+016 4.0285e-005 6.52469 3.95807
0.0053 1.00783e+016 9.95928e+015 -1.90653e-005 6.50154 123.787
0.0054 1.00965e+016 9.87168e+015 -3.60239e-005 6.49993 -187.305
0.0055 1.01104e+016 9.93321e+015 -2.83829e-005 6.53901 -551.013
0.0056 9.81935e+015 9.9794e+015 2.56433e-005 6.61013 -566.484
0.0057 1.00222e+016 1.00714e+016 7.88356e-006 6.6523 -377.156
0.0058 1.00077e+016 9.90898e+015 -1.58242e-005 6.68557 -421.998
0.0059 9.9733e+015 1.0038e+016 1.03603e-005 6.7367 -452.853
0.006 1.0043e+016 1.01108e+016 1.08649e-005 6.77614 -332.993
0.0061 1.00121e+016 9.93988e+015 -1.15671e-005 6.8033 -336.959
0.0062 9.86662e+015 1.00486e+016 2.91585e-005 6.84353 -237.62
0.0063 9.81407e+015 9.94463e+015 2.09174e-005 6.85082 45.1612
0.0064 9.9182e+015 9.97714e+015 9.44406e-006 6.8345 216.614
0.0065 9.99927e+015 9.9259e+015 -1.17558e-005 6.8075 203.559
0.0066 9.93909e+015 1.0097e+016 2.5303e-005 6.79378 280.061
0.0067 9.96507e+015 9.99593e+015 4.9449e-006 6.75149 450.872
0.0068 9.99463e+015 9.88893e+015 -1.69347e-005 6.70361 383.165
0.0069 1.00693e+016 1.01451e+016 1.21422e-005 6.67486 356.102
0.007 1.00751e+016 1.00647e+016 -1.65891e-006 6.63239 415.302
0.0071 1.00413e+016 9.95519e+015 -1.37961e-005 6.5918 328.027
0.0072 1.00578e+016 1.00851e+016 4.37547e-006 6.56678 274.828
0.0073 1.01602e+016 9.98272e+015 -2.84339e-005 6.53683 138.969
0.0074 1.00418e+016 9.99205e+015 -7.97233e-006 6.53899 -66.6186
0.0075 1.00413e+016 9.95631e+015 -1.36191e-005 6.55015 -188.546
0.0076 1.02105e+016 9.96645e+015 -3.91074e-005 6.5767 -486.296
0.0077 1.00403e+016 9.807e+015 -3.73842e-005 6.64741 -918.247
0.0078 9.92047e+015 9.94316e+015 3.63453e-006 6.76035 -1108.83
0.0079 9.95381e+015 1.00185e+016 1.03617e-005 6.86918 -1029.8
0.008 9.89871e+015 1.01848e+016 4.58353e-005 6.96631 -712.449
0.0081 9.96441e+015 1.01422e+016 2.84901e-005 7.01167 -292.73
0.0082 1.01241e+016 9.85406e+015 -4.32606e-005 7.02485 -376.14
0.0083 9.95831e+015 9.94286e+015 -2.47434e-006 7.0869 -634.408
0.0084 9.9952e+015 1.00505e+016 8.85176e-006 7.15174 -598.394
0.0085 9.99743e+015 9.99554e+015 -3.03637e-007 7.20658 -550.123
0.0086 9.93431e+015 1.00123e+016 1.24925e-005 7.26176 -481.292
0.0087 9.93079e+015 9.87971e+015 -8.18324e-006 7.30283 -456.957
0.0088 9.9031e+015 1.00756e+016 2.76447e-005 7.35315 -347.057
0.0089 9.87552e+015 1.00524e+016 2.83368e-005 7.37225 -30.9266
0.009 9.80676e+015 9.95543e+015 2.38198e-005 7.35934 263.604
0.0091 9.83553e+015 1.00746e+016 3.83052e-005 7.31953 614.427
0.0092 9.86134e+015 9.91996e+015 9.39211e-006 7.23645 883.776
0.0093 9.51039e+015 9.77089e+015 4.17364e-005 7.14277 1172.5
0.0094 8.78086e+015 9.43597e+015 0.000104961 7.00195 2000.91
0.0095 8.12705e+015 9.25732e+015 0.000181089 6.74259 3616.25
0.0096 7.13422e+015 8.61622e+015 0.000237443 6.2787 5979.72
0.0097 5.71048e+015 8.11444e+015 0.000385158 5.54665 9495.57
0.0098 4.07038e+015 7.20065e+015 0.000501525 4.37959 14502.7
0.0099 1.66766e+015 6.7111e+015 0.000808049 2.6461 21897.9
0.01 7.98313e+014 6.38815e+015 0.000895591 0 26461
ZONE I=101 T=ZONE_005000
0 7.66672e+014 5.55372e+015 0.00076697 0 -23067.2
0.0001 1.89283e+015 5.75218e+015 0.000618337 2.30672 -19575.4
0.0002 3.37896e+015 6.5043e+015 0.000500735 3.91508 -13256
0.0003 5.24428e+015 7.48469e+015 0.000358954 4.95791 -8401.27
0.0004 7.02703e+015 8.16822e+015 0.000182839 5.59534 -5341.75
0.0005 8.07997e+015 8.79024e+015 0.000113798 6.02626 -3666.62
0.0006 8.72989e+015 9.45094e+015 0.000115525 6.32866 -2371.62
0.0007 9.35699e+015 9.56118e+015 3.27156e-005 6.50059 -1534.5
0.0008 9.53287e+015 9.74591e+015 3.41328e-005 6.63556 -1157.01
0.0009 9.60236e+015 1.00306e+016 6.86105e-005 6.73199 -576.812
0.001 9.8164e+015 9.88625e+015 1.11907e-005 6.75093 -126.171
0.0011 1.00358e+016 1.00986e+016 1.00623e-005 6.75722 -6.15418
0.0012 9.81275e+015 9.93137e+015 1.90041e-005 6.75216 157.985
0.0013 1.00243e+016 9.92796e+015 -1.54289e-005 6.72563 178.174
0.0014 1.00202e+016 1.00296e+016 1.49462e-006 6.71652 99.4869
0.0015 1.01237e+016 1.00994e+016 -3.89447e-006 6.70573 85.9348
0.0016 1.00796e+016 1.00541e+016 -4.08405e-006 6.69934 40.8798
0.0017 9.97775e+015 9.90608e+015 -1.14835e-005 6.69755 -47.0309
0.0018 9.77931e+015 9.90806e+015 2.06289e-005 6.70874 4.61365
0.0019 9.94721e+015 9.94512e+015 -3.34775e-007 6.69663 119.216
0.002 1.00026e+016 1.00189e+016 2.60663e-006 6.6849 132.045
0.0021 1.00441e+016 1.00615e+016 2.77609e-006 6.67022 162.441
0.0022 9.86637e+015 9.95118e+015 1.3588e-005 6.65241 254.85
0.0023 1.018e+016 9.94626e+015 -3.7448e-005 6.61925 120.111
0.0024 1.00058e+016 1.01483e+016 2.28327e-005 6.62839 37.5777
0.0025 9.84356e+015 9.99008e+015 2.3474e-005 6.61174 299.073
0.0026 9.93204e+015 1.01101e+016 2.85276e-005 6.56857 592.729
0.0027 1.01305e+016 9.88146e+015 -3.9896e-005 6.49319 528.531
0.0028 1.0005e+016 1.00579e+016 8.48103e-006 6.46287 351.129
0.0029 1.00046e+016 9.88428e+015 -1.92697e-005 6.42297 290.205
0.003 9.93057e+015 1.01353e+016 3.2804e-005 6.40483 366.634
0.0031 9.98133e+015 1.0001e+016 3.14871e-006 6.34964 569.66
0.0032 9.98087e+015 9.85463e+015 -2.02257e-005 6.29089 473.226
0.0033 9.99664e+015 1.0097e+016 1.6084e-005 6.25499 449.838
0.0034 1.00355e+016 1.00157e+016 -3.17073e-006 6.20093 522.759
0.0035 9.88756e+015 9.9851e+015 1.56279e-005 6.15044 593.106
0.0036 9.92214e+015 9.92449e+015 3.75719e-007 6.08231 683.479
0.0037 1.00277e+016 1.00117e+016 -2.56827e-006 6.01375 671.098
0.0038 9.9966e+015 1.01136e+016 1.87529e-005 5.94809 762.493
0.0039 1.00272e+016 9.93334e+015 -1.50398e-005 5.86125 783.461
0.004 9.95271e+015 9.92726e+015 -4.07768e-006 5.79139 675.504
0.0041 9.88084e+015 9.93097e+015 8.03064e-006 5.72615 697.827
0.0042 9.92885e+015 1.01147e+016 2.97706e-005 5.65183 911.292
0.0043 1.00298e+016 9.90012e+015 -2.07784e-005 5.54389 962.071
0.0044 1.01982e+016 1.00899e+016 -1.73546e-005 5.45941 746.732
0.0045 1.01358e+016 1.00788e+016 -9.13268e-006 5.39454 597.157
0.0046 1.01553e+016 9.95484e+015 -3.21198e-005 5.33998 364.202
0.0047 1.00851e+016 9.8725e+015 -3.40652e-005 5.3217 -9.54754
0.0048 9.84389e+015 1.01103e+016 4.26835e-005 5.34189 39.1204
0.0049 9.94418e+015 9.95055e+015 1.02153e-006 5.31388 285.925
0.005 1.01655e+016 9.97213e+015 -3.09879e-005 5.28471 116.703
0.0051 1.00349e+016 1.01914e+016 2.50779e-005 5.29054 83.3293
0.0052 1.02323e+016 9.99387e+015 -3.8201e-005 5.26804 9.22233
0.0053 9.99559e+015 9.97515e+015 -3.27343e-006 5.28869 -224.986
0.0054 9.84219e+015 9.89465e+015 8.40481e-006 5.31304 -196.009
0.0055 1.01133e+016 9.9417e+015 -2.74897e-005 5.32789 -303.782
0.0056 9.99919e+015 9.97982e+015 -3.10278e-006 5.3738 -476.539
0.0057 1.00304e+016 1.00208e+016 -1.5261e-006 5.4232 -502.679
0.0058 1.00924e+016 9.93805e+015 -2.4736e-005 5.47433 -650.982
0.0059 9.91882e+015 1.00282e+016 1.75296e-005 5.5534 -691.677
0.006 1.00782e+016 1.012e+016 6.70255e-006 5.61267 -554.837
0.0061 1.01327e+016 9.95885e+015 -2.78606e-005 5.66437 -674.318
0.0062 9.96925e+015 1.00201e+016 8.15038e-006 5.74753 -785.623
0.0063 9.95815e+015 9.92565e+015 -5.20656e-006 5.82149 -768.999
0.0064 9.88012e+015 9.98854e+015 1.73717e-005 5.90133 -700.302
0.0065 9.95516e+015 9.93885e+015 -2.61352e-006 5.96155 -616.962
0.0066 9.99479e+015 1.01184e+016 1.97985e-005 6.02472 -519.918
0.0067 1.00783e+016 9.93666e+015 -2.26911e-005 6.06553 -536.252
0.0068 9.94346e+015 9.94673e+015 5.24527e-007 6.13197 -661.427
0.0069 1.0131e+016 1.01165e+016 -2.33293e-006 6.19782 -671.64
0.007 9.9808e+015 1.01242e+016 2.29682e-005 6.2663 -555.111
0.0071 9.95855e+015 9.94265e+015 -2.54763e-006 6.30884 -439.795
0.0072 9.92597e+015 1.00223e+016 1.54265e-005 6.35426 -367.068
0.0073 9.84764e+015 1.00343e+016 2.98992e-005 6.38226 -111.111
0.0074 9.85085e+015 1.0007e+016 2.50135e-005 6.37648 198.983
0.0075 9.87602e+015 9.94087e+015 1.03887e-005 6.34246 398.901
0.0076 1.00478e+016 9.91821e+015 -2.07647e-005 6.2967 340.308
0.0077 1.00765e+016 9.8051e+015 -4.34908e-005 6.2744 -22.5459
0.0078 1.01022e+016 9.9289e+015 -2.77612e-005 6.30121 -424.909
0.0079 9.89359e+015 1.00376e+016 2.30709e-005 6.35938 -451.396
0.008 1.02501e+016 1.02131e+016 -5.92136e-006 6.39149 -354.551
0.0081 9.99784e+015 1.01219e+016 1.98792e-005 6.43029 -275.731
0.0082 9.72553e+015 9.83536e+015 1.75967e-005 6.44664 -64.1026
0.0083 9.92386e+015 9.99414e+015 1.12593e-005 6.44311 98.8487
0.0084 1.01887e+016 1.00332e+016 -2.49127e-005 6.42687 21.7476
0.0085 1.01389e+016 9.95693e+015 -2.91504e-005 6.43876 -283.549
0.0086 9.83657e+015 1.00171e+016 2.89322e-005 6.48358 -284.781
0.0087 9.93487e+015 9.90018e+015 -5.55888e-006 6.49572 -152.791
0.0088 9.87001e+015 1.00964e+016 3.62705e-005 6.51413 20.6391
0.0089 1.0146e+016 1.00472e+016 -1.58254e-005 6.49159 136.093
0.009 9.95181e+015 9.9026e+015 -7.88338e-006 6.48692 2.20829
0.0091 9.81149e+015 1.00266e+016 3.44696e-005 6.49115 152.342
0.0092 9.65058e+015 9.83271e+015 2.91807e-005 6.45645 511.778
0.0093 9.35318e+015 9.65493e+015 4.83456e-005 6.38879 949.572
0.0094 8.66978e+015 9.2073e+015 8.61204e-005 6.26653 1708.91
0.0095 7.88131e+015 8.83208e+015 0.000152331 6.04701 3055.45
0.0096 6.74201e+015 8.12603e+015 0.000221744 5.65544 5167.87
0.0097 5.27041e+015 7.44971e+015 0.000349162 5.01344 8391.81
0.0098 3.35171e+015 6.53987e+015 0.000510801 3.97708 13248.1
0.0099 1.72515e+015 5.87304e+015 0.000664565 2.36382 19885.4
0.01 9.55145e+014 5.8423e+015 0.000783008 0 23638.2
ZONE I=101 T=ZONE_006000
0 6.30223e+014 4.78536e+015 0.000665726 0 -19886.4
0.0001 1.75188e+015 5.16647e+015 0.000547079 1.98864 -16797
0.0002 3.46335e+015 6.0113e+015 0.000408226 3.3594 -11402.3
0.0003 5.26275e+015 6.96573e+015 0.000272848 4.2691 -7556.28
0.0004 6.57728e+015 7.64217e+015 0.000170614 4.87065 -5052.03
0.0005 7.62003e+015 8.4094e+015 0.000126471 5.27951 -3374.37
0.0006 8.50868e+015 9.11777e+015 9.75878e-005 5.54553 -2109.1
0.0007 8.93241e+015 9.37102e+015 7.02743e-005 5.70133 -1161.18
0.0008 9.55328e+015 9.66148e+015 1.7336e-005 5.77776 -666.439
0.0009 9.76166e+015 9.94636e+015 2.9592e-005 5.83462 -401.435
0.001 9.90057e+015 9.86993e+015 -4.90946e-006 5.85805 -262.051
0.0011 1.00303e+016 1.00557e+016 4.06581e-006 5.88703 -266.815
0.0012 1.00852e+016 9.99374e+015 -1.46558e-005 5.91141 -326.618
0.0013 9.94963e+015 9.91339e+015 -5.80506e-006 5.95235 -442.161
0.0014 9.95151e+015 9.98131e+015 4.77476e-006 5.99984 -447.979
0.0015 9.8493e+015 1.01155e+016 4.26432e-005 6.04195 -180.208
0.0016 9.96623e+015 9.99274e+015 4.24679e-006 6.03589 84.5825
0.0017 9.92773e+015 9.94838e+015 3.30922e-006 6.02503 127.252
0.0018 9.76159e+015 9.90663e+015 2.32371e-005 6.01043 277.16
0.0019 9.95791e+015 9.8941e+015 -1.02237e-005 5.9696 350.647
0.002 9.96699e+015 1.0086e+016 1.90669e-005 5.94031 400.585
0.0021 9.99166e+015 1.00703e+016 1.26005e-005 5.88948 579.412
0.0022 1.00697e+016 9.90229e+015 -2.68223e-005 5.82442 499.101
0.0023 9.97187e+015 9.99566e+015 3.81189e-006 5.78966 369.16
0.0024 1.01587e+016 1.01077e+016 -8.17464e-006 5.75059 344.524
0.0025 9.94865e+015 1.002e+016 1.1431e-005 5.72075 362.913
0.0026 1.00188e+016 1.01196e+016 1.61499e-005 5.67801 518.664
0.0027 9.92626e+015 9.83925e+015 -1.39393e-005 5.61702 531.147
0.0028 9.91273e+015 1.00811e+016 2.69735e-005 5.57178 604.752
0.0029 9.99811e+015 9.89237e+015 -1.69407e-005 5.49607 661.407
0.003 1.0069e+016 1.00962e+016 4.35586e-006 5.4395 590.34
0.0031 1.01121e+016 1.00577e+016 -8.71052e-006 5.378 565.749
0.0032 9.98516e+015 9.84884e+015 -2.184e-005 5.32635 393.229
0.0033 9.8613e+015 1.0088e+016 3.63193e-005 5.29936 474.994
0.0034 1.00293e+016 9.97974e+015 -7.93603e-006 5.23135 635.276
0.0035 1.00896e+016 1.00151e+016 -1.19502e-005 5.1723 522.977
0.0036 1.0067e+016 9.91983e+015 -2.35731e-005 5.12675 322.375
0.0037 9.94512e+015 1.00567e+016 1.78773e-005 5.10783 290.211
0.0038 1.0061e+016 1.00231e+016 -6.07016e-006 5.06871 356.886
0.0039 9.94846e+015 9.95926e+015 1.73047e-006 5.03645 332.379
0.004 1.00766e+016 9.96487e+015 -1.79013e-005 5.00224 241.062
0.0041 1.00491e+016 9.90507e+015 -2.30709e-005 4.98824 9.68957
0.0042 9.99048e+015 1.01552e+016 2.6391e-005 5.0003 28.4381
0.0043 1.01804e+016 9.82092e+015 -5.76007e-005 4.98255 -147.805
0.0044 1.01677e+016 1.01324e+016 -5.65126e-006 5.02986 -504.992
0.0045 1.01873e+016 1.00699e+016 -1.8819e-005 5.08355 -643.176
0.0046 9.62803e+015 9.93898e+015 4.9819e-005 5.15849 -468.118
0.0047 1.00383e+016 9.91248e+015 -2.01507e-005 5.17717 -300.579
0.0048 9.95995e+015 1.00939e+016 2.14531e-005 5.21861 -293.224
0.0049 9.92005e+015 9.9414e+015 3.42138e-006 5.23582 -152.757
0.005 9.86112e+015 1.00205e+016 2.55282e-005 5.24916 10.7232
0.0051 9.93823e+015 1.01594e+016 3.54397e-005 5.23367 355.012
0.0052 9.93056e+015 9.95524e+015 3.95416e-006 5.17816 577.471
0.0053 1.01658e+016 9.98019e+015 -2.97411e-005 5.11818 431.851
0.0054 1.00583e+016 9.92278e+015 -2.17122e-005 5.09179 141.291
0.0055 1.01754e+016 9.9627e+015 -3.40805e-005 5.08992 -173.772
0.0056 9.89537e+015 9.97789e+015 1.32216e-005 5.12654 -291.564
0.0057 9.82183e+015 9.96197e+015 2.24535e-005 5.14823 -90.1052
0.0058 9.9934e+015 9.98132e+015 -1.93399e-006 5.14456 25.7694
0.0059 1.00173e+016 1.0009e+016 -1.34271e-006 5.14308 7.26575
0.006 1.00741e+016 1.01134e+016 6.29105e-006 5.14311 35.2092
0.0061 1.01071e+016 9.99404e+015 -1.81221e-005 5.13604 -31.601
0.0062 1.01925e+016 9.97337e+015 -3.51048e-005 5.14943 -332.175
0.0063 1.00748e+016 9.92596e+015 -2.3849e-005 5.20247 -665.09
0.0064 9.82814e+015 9.99405e+015 2.65814e-005 5.28245 -649.66
0.0065 1.00901e+016 9.94961e+015 -2.25077e-005 5.3324 -626.656
0.0066 1.01104e+016 1.01388e+016 4.54905e-006 5.40778 -728.069
0.0067 9.99028e+015 9.88546e+015 -1.67941e-005 5.47802 -797.217
0.0068 1.00644e+016 1.00091e+016 -8.85657e-006 5.56722 -942.068
0.0069 9.84191e+015 1.00915e+016 3.99974e-005 5.66643 -766.215
0.007 1.00033e+016 1.01451e+016 2.27281e-005 5.72047 -412.001
0.0071 1.02334e+016 9.97233e+015 -4.1835e-005 5.74883 -519.899
0.0072 1.00364e+016 9.94039e+015 -1.53761e-005 5.82445 -842.973
0.0073 1.00853e+016 1.00927e+016 1.18272e-006 5.91743 -923.123
0.0074 1.00651e+016 1.0008e+016 -9.14972e-006 6.00907 -968.113
0.0075 9.9381e+015 9.91088e+015 -4.36137e-006 6.11105 -1044.41
0.0076 9.835e+015 9.93386e+015 1.58378e-005 6.21795 -979.603
0.0077 9.78323e+015 9.7558e+015 -4.39612e-006 6.30697 -914.991
0.0078 9.70492e+015 9.9324e+015 3.64452e-005 6.40095 -734.008
0.0079 1.00905e+016 1.00589e+016 -5.05741e-006 6.45377 -556.76
0.008 1.01273e+016 1.0244e+016 1.87089e-005 6.5123 -479.669
0.0081 9.98145e+015 1.0034e+016 8.42116e-006 6.54971 -326.465
0.0082 9.92435e+015 9.9105e+015 -2.22025e-006 6.5776 -291.448
0.0083 1.00441e+016 9.986e+015 -9.30885e-006 6.608 -356.553
0.0084 9.97842e+015 1.00275e+016 7.85775e-006 6.64891 -364.748
0.0085 9.72886e+015 9.9504e+015 3.54946e-005 6.68094 -119.935
0.0086 9.94733e+015 9.97441e+015 4.33797e-006 6.67289 105.001
0.0087 1.01006e+016 9.95632e+015 -2.31107e-005 6.65994 -1.00927
0.0088 1.00122e+016 1.01208e+016 1.74078e-005 6.6731 -33.2137
0.0089 9.92549e+015 1.00031e+016 1.24376e-005 6.66659 135.325
0.009 9.80309e+015 9.8397e+015 5.86458e-006 6.64603 238.678
0.0091 9.56976e+015 9.93523e+015 5.85545e-005 6.61885 602.455
0.0092 9.26007e+015 9.75965e+015 8.00419e-005 6.52554 1385.12
0.0093 8.92312e+015 9.44656e+015 8.38648e-005 6.34183 2310.7
0.0094 8.46452e+015 8.93887e+015 7.60001e-005 6.0634 3213.47
0.0095 7.69326e+015 8.42578e+015 0.000117362 5.69913 4305.39
0.0096 6.49803e+015 7.6594e+015 0.000186072 5.20232 6018.9
0.0097 5.17756e+015 6.87967e+015 0.000272707 4.49536 8609.64
0.0098 3.7456e+015 6.02977e+015 0.000365965 3.48039 12216.3
0.0099 1.70637e+015 5.15381e+015 0.00055234 2.05211 17402
0.01 6.20377e+014 4.88383e+015 0.00068308 0 20521.1
ZONE I=101 T=ZONE_007000
0 1.00523e+015 4.37928e+015 0.000540582 0 -18744.6
0.0001 1.9988e+015 4.78642e+015 0.000446626 1.87446 -16222.5
0.0002 3.34798e+015 5.61055e+015 0.000362504 3.2445 -11653.3
0.0003 4.81156e+015 6.51676e+015 0.000273202 4.20512 -8063.45
0.0004 6.25413e+015 7.17318e+015 0.000147248 4.85719 -5689.15
0.0005 7.32041e+015 8.0438e+015 0.000115899 5.34295 -4203.14
0.0006 8.0672e+015 8.74071e+015 0.000107908 5.69782 -2939.29
0.0007 8.83058e+015 9.19422e+015 5.82618e-005 5.93081 -2000.92
0.0008 9.20718e+015 9.53795e+015 5.29963e-005 6.098 -1372.64
0.0009 9.52003e+015 9.76949e+015 3.99679e-005 6.20534 -847.669
0.001 9.66411e+015 9.89486e+015 3.69694e-005 6.26754 -413.2
0.0011 9.8723e+015 9.99729e+015 2.0027e-005 6.28798 -91.3393
0.0012 9.90068e+015 9.99492e+015 1.50986e-005 6.2858 107.016
0.0013 1.00953e+016 9.93791e+015 -2.52203e-005 6.26658 49.8588
0.0014 9.73809e+015 9.96717e+015 3.67014e-005 6.27583 114.693
0.0015 9.81905e+015 1.00603e+016 3.86522e-005 6.24364 540.218
0.0016 1.00296e+016 9.97416e+015 -8.88358e-006 6.16779 708.323
0.0017 9.88883e+015 9.95976e+015 1.13639e-005 6.10197 722.33
0.0018 9.87145e+015 9.91644e+015 7.20747e-006 6.02332 827.204
0.0019 9.83123e+015 9.86877e+015 6.01408e-006 5.93653 901.866
0.002 1.01996e+016 1.01227e+016 -1.23192e-005 5.84295 866.261
0.0021 1.00527e+016 1.0089e+016 5.80627e-006 5.76328 829.482
0.0022 1.00438e+016 9.83695e+015 -3.31415e-005 5.67705 675.118
0.0023 9.90639e+015 1.00858e+016 2.87394e-005 5.62826 650.259
0.0024 1.02031e+016 1.00496e+016 -2.46029e-005 5.547 673.618
0.0025 9.96927e+015 1.00424e+016 1.17185e-005 5.49353 600.86
0.0026 9.99043e+015 1.01009e+016 1.76959e-005 5.42683 766.965
0.0027 1.02149e+016 9.8306e+015 -6.15633e-005 5.34014 519.243
0.0028 9.98158e+015 1.00963e+016 1.83837e-005 5.32298 275.406
0.0029 1.00426e+016 9.93453e+015 -1.73223e-005 5.28506 281.4
0.003 9.93088e+015 1.0001e+016 1.12286e-005 5.2667 246.988
0.0031 1.00934e+016 1.01177e+016 3.89774e-006 5.23566 332.407
0.0032 1.00046e+016 9.88704e+015 -1.88436e-005 5.20022 248.008
0.0033 9.90397e+015 1.00778e+016 2.78582e-005 5.18606 298.914
0.0034 1.00321e+016 9.91602e+015 -1.8602e-005 5.14044 351.184
0.0035 1.00163e+016 1.00335e+016 2.75097e-006 5.11582 261.672
0.0036 9.81369e+015 9.9583e+015 2.31692e-005 5.0881 408.044
0.0037 1.0025e+016 1.00514e+016 4.23148e-006 5.03421 562.777
0.0038 1.00558e+016 9.99451e+015 -9.81789e-006 4.97555 531.23
0.0039 1.00183e+016 9.93351e+015 -1.35899e-005 4.92797 399.046
0.004 1.00402e+016 1.00024e+016 -6.04866e-006 4.89574 288.146
0.0041 1.00584e+016 9.92662e+015 -2.11101e-005 4.87034 134.779
0.0042 1.01673e+016 1.01131e+016 -8.69383e-006 4.86878 -33.5249
0.0043 9.83766e+015 9.84841e+015 1.72204e-006 4.87704 -72.8948
0.0044 1.01844e+016 1.01278e+016 -9.06645e-006 4.88336 -114.369
0.0045 1.00615e+016 1.00191e+016 -6.78375e-006 4.89992 -203.876
0.0046 9.96281e+015 9.97863e+015 2.53473e-006 4.92414 -227.87
0.0047 9.91613e+015 9.943e+015 4.30494e-006 4.94549 -189.246
0.0048 9.87126e+015 1.00633e+016 3.07713e-005 4.96198 8.83047
0.0049 1.00128e+016 9.93893e+015 -1.18339e-005 4.94373 115.77
0.005 9.81769e+015 1.00647e+016 3.95761e-005 4.93883 272.431
0.0051 9.99024e+015 1.00869e+016 1.54877e-005 4.88924 583.379
0.0052 1.01227e+016 9.95263e+015 -2.7242e-005 4.82215 517.002
0.0053 9.97849e+015 9.97065e+015 -1.25532e-006 4.78584 356.076
0.0054 9.93354e+015 1.00035e+016 1.12024e-005 4.75094 412.248
0.0055 1.00716e+016 9.93011e+015 -2.26666e-005 4.70339 347.509
0.0056 1.0008e+016 1.00088e+016 1.3883e-007 4.68144 220.293
0.0057 9.97238e+015 9.91293e+015 -9.52509e-006 4.65933 167.289
0.0058 1.01298e+016 9.98548e+015 -2.31205e-005 4.64798 -17.0622
0.0059 9.93644e+015 1.0002e+016 1.05064e-005 4.66274 -88.2947
0.006 1.00478e+016 1.01058e+016 9.29749e-006 4.66564 23.5386
0.0061 9.94225e+015 1.00342e+016 1.4727e-005 4.65803 159.206
0.0062 9.9534e+015 9.92446e+015 -4.63593e-006 4.6338 216.191
0.0063 1.00492e+016 9.93602e+015 -1.81375e-005 4.6148 87.5879
0.0064 9.93724e+015 1.00093e+016 1.15528e-005 4.61628 50.4038
0.0065 9.87509e+015 9.91433e+015 6.28744e-006 4.60472 151.149
0.0066 1.00925e+016 1.01769e+016 1.35334e-005 4.58605 263.078
0.0067 1.00716e+016 9.86739e+015 -3.27209e-005 4.5521 154.726
0.0068 9.9948e+015 1.00376e+016 6.85842e-006 4.55511 8.67892
0.0069 1.02697e+016 1.01153e+016 -2.47407e-005 4.55036 -92.303
0.007 1.02493e+016 1.01165e+016 -2.12801e-005 4.57357 -352.184
0.0071 1.00177e+016 1.00097e+016 -1.27562e-006 4.6208 -479.557
0.0072 9.96293e+015 9.87332e+015 -1.4357e-005 4.66948 -567.835
0.0073 9.9821e+015 1.01274e+016 2.32751e-005 4.73437 -517.474
0.0074 9.98959e+015 1.00031e+016 2.16279e-006 4.77297 -373.825
0.0075 9.96853e+015 9.90472e+015 -1.02232e-005 4.80913 -419.342
0.0076 9.90808e+015 9.9179e+015 1.57289e-006 4.85684 -468.191
0.0077 9.94512e+015 9.76573e+015 -2.87411e-005 4.90277 -621.611
0.0078 1.00724e+016 9.89603e+015 -2.82587e-005 4.98116 -943.492
0.0079 9.99799e+015 1.01283e+016 2.08816e-005 5.09147 -985.15
0.008 1.0083e+016 1.02112e+016 2.05481e-005 5.17819 -751.195
0.0081 1.01907e+016 9.97482e+015 -3.4582e-005 5.24171 -830.445
0.0082 9.79828e+015 9.96597e+015 2.68675e-005 5.34428 -874.009
0.0083 9.92115e+015 1.00012e+016 1.28221e-005 5.41651 -649.88
0.0084 1.00542e+016 9.98157e+015 -1.16444e-005 5.47426 -643.229
0.0085 9.95258e+015 9.98092e+015 4.53994e-006 5.54516 -683.348
0.0086 9.80014e+015 9.9595e+015 2.55329e-005 5.61093 -513.526
0.0087 9.97717e+015 9.98414e+015 1.11563e-006 5.64786 -363.04
0.0088 9.83641e+015 1.01016e+016 4.24846e-005 5.68354 -116.828
0.0089 9.92562e+015 9.98833e+015 1.00469e-005 5.67123 179.82
0.009 9.78507e+015 9.71854e+015 -1.06593e-005 5.64757 176.361
0.0091 9.56255e+015 9.84351e+015 4.50135e-005 5.63595 370.361
0.0092 9.19147e+015 9.64641e+015 7.289e-005 5.5735 1036.17
0.0093 8.85253e+015 9.19886e+015 5.54891e-005 5.42872 1761.13
0.0094 8.2797e+015 8.64389e+015 5.83494e-005 5.22127 2403.98
0.0095 7.3414e+015 8.0386e+015 0.000111703 4.94793 3364.28
0.0096 6.2839e+015 7.24092e+015 0.000153331 4.54842 4860.94
0.0097 4.97855e+015 6.37611e+015 0.000223915 3.97574 6991.26
0.0098 3.08358e+015 5.66419e+015 0.000413459 3.15017 10590.5
0.0099 1.63814e+015 4.76104e+015 0.000500344 1.85763 15750.8
0.01 7.23472e+014 4.29181e+015 0.00057171 0 18576.3
ZONE I=101 T=ZONE_008000
0 7.35785e+014 3.9878e+015 0.00052103 0 -16995.5
0.0001 1.62911e+015 4.55644e+015 0.00046901 1.69955 -14347
0.0002 3.31371e+015 5.25676e+015 0.000311311 2.8694 -9940.49
0.0003 4.81813e+015 6.10021e+015 0.000205412 3.68765 -7022.53
0.0004 6.07748e+015 6.80977e+015 0.000117327 4.2739 -5200.01
0.0005 7.04159e+015 7.68638e+015 0.000103307 4.72765 -3954.08
0.0006 7.83333e+015 8.37123e+015 8.61815e-005 5.06472 -2884.03
0.0007 8.61356e+015 8.98511e+015 5.95291e-005 5.30446 -2061.2
0.0008 9.0816e+015 9.36267e+015 4.50333e-005 5.47696 -1470.73
0.0009 9.37073e+015 9.61233e+015 3.87083e-005 5.5986 -997.834
0.001 9.55924e+015 9.84907e+015 4.64353e-005 5.67653 -517.024
0.0011 9.7685e+015 9.95577e+015 3.0004e-005 5.70201 -85.3676
0.0012 9.92925e+015 9.95841e+015 4.67068e-006 5.6936 110.442
0.0013 9.89851e+015 9.94361e+015 7.22553e-006 5.67992 177.62
0.0014 1.00339e+016 1.00194e+016 -2.3147e-006 5.65808 205.352
0.0015 9.95236e+015 9.97372e+015 3.4219e-006 5.63885 211.604
0.0016 9.9805e+015 9.89387e+015 -1.38787e-005 5.61576 152.554
0.0017 9.93648e+015 1.00349e+016 1.57616e-005 5.60834 163.187
0.0018 9.8733e+015 9.90467e+015 5.02627e-006 5.58312 280.577
0.0019 1.00024e+016 9.85275e+015 -2.39684e-005 5.55222 173.61
0.002 1.00978e+016 1.01696e+016 1.1493e-005 5.5484 103.161
0.0021 9.99674e+015 1.00767e+016 1.28107e-005 5.53159 240.405
0.0022 1.01636e+016 9.81961e+015 -5.51175e-005 5.50031 1.49677
0.0023 1.01573e+016 1.01349e+016 -3.59066e-006 5.53129 -330.031
0.0024 1.00336e+016 1.00208e+016 -2.04994e-006 5.56632 -361.883
0.0025 9.90364e+015 1.00073e+016 1.66106e-005 5.60367 -279.659
0.0026 9.75942e+015 1.01054e+016 5.54328e-005 5.62225 127.174
0.0027 9.96735e+015 9.87422e+015 -1.49211e-005 5.57823 355.945
0.0028 1.00019e+016 1.00601e+016 9.32588e-006 5.55106 324.349
0.0029 1.00569e+016 9.95522e+015 -1.62865e-005 5.51336 285.042
0.003 9.89515e+015 9.99986e+015 1.67763e-005 5.49406 287.808
0.0031 1.00236e+016 1.00612e+016 6.02905e-006 5.4558 416.59
0.0032 9.99942e+015 1.00057e+016 1.00174e-006 5.41074 456.294
0.0033 1.00652e+016 1.00332e+016 -5.13465e-006 5.36454 432.955
0.0034 1.00258e+016 9.88027e+015 -2.33162e-005 5.32415 272.291
0.0035 9.86912e+015 1.00165e+016 2.36099e-005 5.31008 273.95
0.0036 9.8514e+015 1.00527e+016 3.22566e-005 5.26936 589.43
0.0037 1.01254e+016 9.96155e+015 -2.62497e-005 5.1922 623.351
0.0038 9.97921e+015 1.00274e+016 7.72666e-006 5.14469 518.751
0.0039 1.0028e+016 9.93749e+015 -1.45075e-005 5.08845 480.459
0.004 9.87356e+015 9.96097e+015 1.40053e-005 5.04859 477.623
0.0041 9.99828e+015 9.99551e+015 -4.44532e-007 4.99292 554.202
0.0042 9.91127e+015 1.00479e+016 2.18866e-005 4.93775 675.286
0.0043 1.0031e+016 9.9016e+015 -2.07309e-005 4.85787 681.813
0.0044 9.99526e+015 1.00734e+016 1.25128e-005 4.80139 635.404
0.0045 1.0118e+016 1.0035e+016 -1.32948e-005 4.73078 630.988
0.0046 1.00374e+016 9.96558e+015 -1.15059e-005 4.67519 490.937
0.0047 1.02524e+016 1.00053e+016 -3.95993e-005 4.6326 202.344
0.0048 1.0047e+016 1.00264e+016 -3.30698e-006 4.63472 -39.9493
0.0049 1.01213e+016 9.94613e+015 -2.80592e-005 4.64059 -217.075
0.005 1.00285e+016 1.00859e+016 9.19995e-006 4.67814 -323.574
0.0051 1.00042e+016 1.00046e+016 7.39739e-008 4.7053 -271.204
0.0052 1.00638e+016 9.95793e+015 -1.69596e-005 4.73238 -366.558
0.0053 1.00827e+016 1.00135e+016 -1.10858e-005 4.77861 -524.932
0.0054 9.97692e+015 1.00098e+016 5.2697e-006 4.83737 -557.775
0.0055 9.92841e+015 9.9593e+015 4.94851e-006 4.89017 -500.073
0.0056 9.92871e+015 9.97324e+015 7.13384e-006 4.93738 -431.843
0.0057 1.00581e+016 9.89329e+015 -2.64096e-005 4.97654 -540.694
0.0058 9.8926e+015 1.00238e+016 2.10205e-005 5.04552 -571.126
0.0059 1.00471e+016 9.99269e+015 -8.72325e-006 5.09076 -501.683
0.006 9.96393e+015 1.00523e+016 1.41608e-005 5.14586 -470.977
0.0061 9.98208e+015 1.01137e+016 2.10869e-005 5.18496 -271.932
0.0062 1.00408e+016 9.81122e+015 -3.67903e-005 5.20024 -360.61
0.0063 9.94859e+015 1.00633e+016 1.83813e-005 5.25708 -464.566
0.0064 1.00428e+016 9.90569e+015 -2.19651e-005 5.29316 -484.804
0.0065 1.00222e+016 9.95808e+015 -1.02781e-005 5.35404 -666.883
0.0066 9.90459e+015 1.01415e+016 3.79565e-005 5.42653 -510.581
0.0067 1.00702e+016 9.92261e+015 -2.36529e-005 5.45616 -429.808
0.0068 9.98395e+015 1.00451e+016 9.80103e-006 5.51249 -508.03
0.0069 1.00045e+016 1.01073e+016 1.64687e-005 5.55776 -359.684
0.007 9.97665e+015 1.01322e+016 2.49218e-005 5.58443 -125.95
0.0071 1.00455e+016 9.99192e+015 -8.58545e-006 5.58295 -33.6978
0.0072 1.0078e+016 9.88231e+015 -3.13589e-005 5.59117 -259.266
0.0073 1.00055e+016 1.0085e+016 1.27373e-005 5.63481 -364.423
0.0074 9.91357e+015 1.00288e+016 1.8467e-005 5.66406 -188.211
0.0075 9.76751e+015 9.90506e+015 2.2037e-005 5.67245 40.517
0.0076 1.00789e+016 9.89812e+015 -2.89606e-005 5.65595 1.41905
0.0077 9.84208e+015 9.79079e+015 -8.21747e-006 5.67216 -208.527
0.0078 1.00716e+016 9.88011e+015 -3.06856e-005 5.69766 -428.215
0.0079 1.00569e+016 1.01074e+016 8.09619e-006 5.75781 -555.778
0.008 1.00098e+016 1.02411e+016 3.70563e-005 5.80881 -300.8
0.0081 1.01778e+016 9.93848e+015 -3.83438e-005 5.81797 -308.07
0.0082 9.91772e+015 9.97059e+015 8.47036e-006 5.87043 -476.767
0.0083 9.94307e+015 1.00248e+016 1.30942e-005 5.91332 -354.991
0.0084 9.93203e+015 9.9489e+015 2.70349e-006 5.94143 -265.78
0.0085 1.00903e+016 1.00136e+016 -1.22897e-005 5.96648 -319.914
0.0086 9.92708e+015 9.96085e+015 5.40921e-006 6.00541 -358.768
0.0087 9.88889e+015 9.9958e+015 1.71274e-005 6.03823 -231.503
0.0088 9.88279e+015 1.00463e+016 2.61897e-005 6.05171 13.1107
0.0089 9.89518e+015 9.95752e+015 9.98665e-006 6.03561 217.4
0.009 9.40521e+015 9.60897e+015 3.26464e-005 6.00823 458.151
0.0091 9.36091e+015 9.69748e+015 5.39242e-005 5.94398 947.02
0.0092 8.97852e+015 9.46001e+015 7.71434e-005 5.81882 1687.16
0.0093 8.5155e+015 8.99944e+015 7.75361e-005 5.60655 2560.65
0.0094 7.86123e+015 8.30624e+015 7.12986e-005 5.3067 3401.12
0.0095 7.0737e+015 7.67992e+015 9.7127e-005 4.92632 4352.23
0.0096 6.08673e+015 6.83829e+015 0.000120413 4.43625 5580.69
0.0097 4.70258e+015 6.08078e+015 0.000220811 3.81018 7507.6
0.0098 3.33664e+015 5.26372e+015 0.000308752 2.93473 10498.1
0.0099 1.79964e+015 4.4877e+015 0.000430674 1.71057 14673.6
0.01 7.72119e+014 3.96106e+015 0.000510925 0 17105.7
ZONE I=101 T=ZONE_009000
0 7.68562e+014 3.95556e+015 0.000510613 0 -15378.2
0.0001 1.75851e+015 4.28854e+015 0.000405355 1.53782 -13089.2
0.0002 3.29825e+015 5.02049e+015 0.000275933 2.61784 -9241.93
0.0003 4.71435e+015 5.72365e+015 0.000161708 3.38621 -6770.55
0.0004 5.74725e+015 6.52319e+015 0.000124319 3.97195 -5155.34
0.0005 6.69935e+015 7.35205e+015 0.000104574 4.41728 -3862.77
0.0006 7.56118e+015 8.01841e+015 7.3257e-005 4.7445 -2858.54
0.0007 8.52068e+015 8.76105e+015 3.85102e-005 4.98899 -2227.39
0.0008 8.75299e+015 9.1361e+015 6.13814e-005 5.18998 -1663.3
0.0009 9.24367e+015 9.48426e+015 3.85452e-005 5.32165 -1099.01
0.001 9.58726e+015 9.72744e+015 2.24595e-005 5.40978 -754.51
0.0011 9.74565e+015 9.92119e+015 2.81247e-005 5.47255 -468.858
0.0012 9.94844e+015 9.88927e+015 -9.48019e-006 5.50355 -363.572
0.0013 9.73521e+015 9.95333e+015 3.49468e-005 5.54526 -219.76
0.0014 9.93119e+015 1.00455e+016 1.83084e-005 5.5475 80.9741
0.0015 1.01746e+016 9.91406e+015 -4.17497e-005 5.52907 -51.4
0.0016 9.74332e+015 9.83794e+015 1.51595e-005 5.55778 -201.556
0.0017 9.87052e+015 1.00379e+016 2.68169e-005 5.56938 35.4868
0.0018 9.86551e+015 9.93612e+015 1.13137e-005 5.55069 250.812
0.0019 1.00102e+016 9.83907e+015 -2.74153e-005 5.51922 159.886
0.002 1.00385e+016 1.01999e+016 2.58565e-005 5.51871 151.084
0.0021 1.001e+016 1.00633e+016 8.53436e-006 5.489 345.29
0.0022 9.9756e+015 9.84713e+015 -2.05825e-005 5.44965 277.254
0.0023 1.00144e+016 1.01224e+016 1.72922e-005 5.43355 258.673
0.0024 1.00391e+016 1.00211e+016 -2.88085e-006 5.39792 340.055
0.0025 1.01156e+016 9.96759e+015 -2.37081e-005 5.36554 189.906
0.0026 1.00349e+016 1.00926e+016 9.24881e-006 5.35993 108.253
0.0027 9.91191e+015 9.95615e+015 7.08859e-006 5.34389 200.511
0.0028 1.0054e+016 1.0013e+016 -6.56854e-006 5.31983 203.448
0.0029 1.01685e+016 9.95074e+015 -3.48827e-005 5.3032 -30.6289
0.003 9.85463e+015 1.00199e+016 2.6472e-005 5.32596 -78.1243
0.0031 9.93219e+015 9.99425e+015 9.94227e-006 5.31882 127.509
0.0032 9.98289e+015 1.0127e+016 2.30935e-005 5.30046 314.063
0.0033 1.00524e+016 9.9796e+015 -1.16629e-005 5.25601 378.612
0.0034 9.88735e+015 9.85096e+015 -5.83035e-006 5.22473 279.826
0.0035 9.87553e+015 1.00499e+016 2.79396e-005 5.20004 404.678
0.0036 9.94402e+015 1.00343e+016 1.44652e-005 5.1438 644.14
0.0037 9.95418e+015 9.97006e+015 2.54436e-006 5.07122 740.194
0.0038 1.02453e+016 1.001e+016 -3.77078e-005 4.99576 541.624
0.0039 1.01366e+016 9.94957e+015 -2.99727e-005 4.96289 159.429
0.004 9.89487e+015 9.98859e+015 1.50158e-005 4.96387 74.9675
0.0041 9.92115e+015 9.97921e+015 9.30214e-006 4.9479 212.292
0.0042 9.98454e+015 9.98918e+015 7.43696e-007 4.92142 269.022
0.0043 1.00973e+016 1.00042e+016 -1.491e-005 4.89409 189.023
0.0044 1.00103e+016 9.99703e+015 -2.11737e-006 4.88361 92.8689
0.0045 1.01165e+016 1.00356e+016 -1.29669e-005 4.87552 7.68705
0.0046 1.01451e+016 9.99741e+015 -2.36636e-005 4.88207 -199.167
0.0047 9.98663e+015 9.97786e+015 -1.40499e-006 4.91535 -340.73
0.0048 9.96314e+015 1.00715e+016 1.73546e-005 4.95022 -250.662
0.0049 1.00525e+016 9.92001e+015 -2.12269e-005 4.96549 -272.529
0.005 1.00309e+016 1.00962e+016 1.04594e-005 5.00473 -333.334
0.0051 9.81631e+015 9.93186e+015 1.85133e-005 5.03215 -169.724
0.0052 9.83512e+015 9.9762e+015 2.2604e-005 5.03867 62.4675
0.0053 1.00938e+016 1.00608e+016 -5.27589e-006 5.01966 160.32
0.0054 1.00466e+016 9.99142e+015 -8.84728e-006 5.00661 80.5661
0.0055 1.00055e+016 9.99842e+015 -1.14092e-006 5.00355 24.1623
0.0056 1.01826e+016 9.94148e+015 -3.86311e-005 5.00177 -200.432
0.0057 9.95068e+015 9.88138e+015 -1.11031e-005 5.04363 -481.283
0.0058 9.87378e+015 1.00608e+016 2.99584e-005 5.09803 -374.807
0.0059 1.00898e+016 1.00069e+016 -1.32869e-005 5.11859 -280.662
0.006 9.82278e+015 9.94956e+015 2.03124e-005 5.15416 -240.989
0.0061 1.00009e+016 1.01602e+016 2.55305e-005 5.16679 17.8875
0.0062 1.00092e+016 9.8152e+015 -3.1088e-005 5.15059 -13.496
0.0063 9.99482e+015 1.01017e+016 1.71274e-005 5.16949 -92.3321
0.0064 1.0034e+016 9.82999e+015 -3.26941e-005 5.16905 -180.238
0.0065 1.0093e+016 9.97861e+015 -1.83251e-005 5.20554 -468.345
0.0066 1.01622e+016 1.01273e+016 -5.58331e-006 5.26272 -603.357
0.0067 9.99708e+015 9.99243e+015 -7.44556e-007 5.32621 -639.091
0.0068 9.89056e+015 1.00642e+016 2.78171e-005 5.39054 -486.211
0.0069 1.00827e+016 1.00104e+016 -1.15909e-005 5.42345 -394.58
0.007 1.00695e+016 1.02319e+016 2.60058e-005 5.46945 -313.178
0.0071 9.88833e+015 9.93716e+015 7.82249e-006 5.48609 -122.149
0.0072 1.00782e+016 9.91765e+015 -2.57268e-005 5.49388 -223.255
0.0073 9.89274e+015 1.00082e+016 1.85031e-005 5.53074 -264.047
0.0074 1.00041e+016 1.00706e+016 1.06612e-005 5.54669 -99.3549
0.0075 1.01004e+016 9.90926e+015 -3.06312e-005 5.55061 -212.127
0.0076 9.97069e+015 9.88121e+015 -1.43356e-005 5.58912 -466.057
0.0077 9.93201e+015 9.82906e+015 -1.64948e-005 5.64382 -640.157
0.0078 9.88075e+015 9.84916e+015 -5.06137e-006 5.71715 -761.886
0.0079 9.93936e+015 1.01049e+016 2.65179e-005 5.7962 -640.72
0.008 9.98523e+015 1.02264e+016 3.86433e-005 5.84529 -272.751
0.0081 1.01343e+016 9.94309e+015 -3.06292e-005 5.85075 -227.495
0.0082 9.88362e+015 9.9562e+015 1.1628e-005 5.89079 -334.796
0.0083 9.95459e+015 1.00406e+016 1.37731e-005 5.91771 -191.355
0.0084 1.00093e+016 9.96758e+015 -6.69068e-006 5.92906 -151.36
0.0085 9.90419e+015 9.96737e+015 1.01234e-005 5.94798 -131.975
0.0086 9.84514e+015 1.00193e+016 2.78975e-005 5.95546 82.7306
0.0087 9.64614e+015 9.97023e+015 5.19261e-005 5.93143 533.498
0.0088 9.8155e+015 9.98244e+015 2.67471e-005 5.84876 977.769
0.0089 9.75583e+015 9.86498e+015 1.74866e-005 5.73588 1227.56
0.009 9.61321e+015 9.55533e+015 -9.27289e-006 5.60325 1273.94
0.0091 9.32219e+015 9.48658e+015 2.63382e-005 5.48109 1370.31
0.0092 8.97628e+015 9.22694e+015 4.01592e-005 5.32919 1745.82
0.0093 8.39197e+015 8.80117e+015 6.55613e-005 5.13193 2342.83
0.0094 7.68268e+015 7.99684e+015 5.03341e-005 4.86062 2997.3
0.0095 6.7537e+015 7.32654e+015 9.17791e-005 4.53247 3799.82
0.0096 5.70801e+015 6.50264e+015 0.000127313 4.10066 5037.04
0.0097 4.57056e+015 5.82989e+015 0.000201766 3.52506 6895.36
0.0098 3.08212e+015 4.95307e+015 0.000299759 2.72158 9727.5
0.0099 1.88275e+015 4.30071e+015 0.0003874 1.57956 13607.9
0.01 7.27958e+014 3.83361e+015 0.00049758 0 15795.6
ZONE I=101 T=ZONE_010000
0 7.92027e+014 3.80409e+015 0.000482586 0 -14469
0.0001 1.89777e+015 4.05363e+015 0.000345406 1.4469 -12518.5
0.0002 3.13768e+015 4.83121e+015 0.000271334 2.5037 -9035.72
0.0003 4.46824e+015 5.42836e+015 0.000153829 3.25404 -6634.81
0.0004 5.58341e+015 6.28598e+015 0.000112565 3.83066 -5130.47
0.0005 6.42416e+015 7.03853e+015 9.84323e-005 4.28014 -3938.96
0.0006 7.3406e+015 7.70059e+015 5.76767e-005 4.61845 -3057.4
0.0007 7.95855e+015 8.51398e+015 8.89908e-005 4.89162 -2229.17
0.0008 8.54297e+015 8.88458e+015 5.47312e-005 5.06428 -1417.56
0.0009 9.12911e+015 9.36841e+015 3.83407e-005 5.17513 -891.979
0.001 9.49682e+015 9.57626e+015 1.27285e-005 5.24268 -603.589
0.0011 9.6048e+015 9.85343e+015 3.98348e-005 5.29585 -306.762
0.0012 9.75554e+015 9.78537e+015 4.7782e-006 5.30403 -54.8304
0.0013 9.73031e+015 9.96242e+015 3.71879e-005 5.30681 182.154
0.0014 9.87441e+015 1.00557e+016 2.9046e-005 5.2676 556.18
0.0015 1.00233e+016 9.87614e+015 -2.35717e-005 5.19558 587.093
0.0016 9.85926e+015 9.80377e+015 -8.88943e-006 5.15018 403.783
0.0017 1.00068e+016 9.97737e+015 -4.71868e-006 5.11482 326.938
0.0018 9.98886e+015 9.9776e+015 -1.80376e-006 5.08479 290.105
0.0019 9.98309e+015 9.89856e+015 -1.35439e-005 5.0568 203.436
0.002 1.00693e+016 1.01591e+016 1.43872e-005 5.04411 208.198
0.0021 1.02639e+016 1.00603e+016 -3.26134e-005 5.01516 105.274
0.0022 9.90862e+015 9.89808e+015 -1.68798e-006 5.02305 -88.4269
0.0023 9.88343e+015 1.0085e+016 3.22962e-005 5.03285 84.4189
0.0024 1.00193e+016 1.00023e+016 -2.7305e-006 5.00617 251.377
0.0025 1.01235e+016 9.97793e+015 -2.333e-005 4.98257 104.213
0.0026 1.00419e+016 1.00571e+016 2.44544e-006 4.98532 -13.7234
0.0027 9.95458e+015 1.00164e+016 9.89892e-006 4.98532 55.9857
0.0028 9.98477e+015 9.99118e+015 1.02686e-006 4.97413 117.684
0.0029 9.94772e+015 9.96125e+015 2.16726e-006 4.96178 135.721
0.003 1e+016 9.987e+015 -2.08951e-006 4.94698 136.161
0.0031 9.9394e+015 1.00369e+016 1.56295e-005 4.93455 212.621
0.0032 9.95951e+015 1.01309e+016 2.7467e-005 4.90446 455.989
0.0033 1.01568e+016 9.93055e+015 -3.62424e-005 4.84335 406.435
0.0034 1.01074e+016 9.88684e+015 -3.5341e-005 4.82317 2.20004
0.0035 9.95071e+015 1.00792e+016 2.05816e-005 4.84291 -81.1467
0.0036 1.02021e+016 9.96374e+015 -3.81943e-005 4.8394 -180.606
0.0037 9.99638e+015 1.00395e+016 6.90813e-006 4.87903 -357.281
0.0038 9.89553e+015 9.93508e+015 6.33613e-006 4.91086 -282.49
0.0039 9.85914e+015 9.97591e+015 1.87082e-005 4.93553 -141.063
0.004 1.01503e+016 1.00367e+016 -1.82081e-005 4.93907 -138.239
0.0041 1.00214e+016 9.94978e+015 -1.14806e-005 4.96318 -305.892
0.0042 9.8684e+015 9.95064e+015 1.3176e-005 5.00025 -296.319
0.0043 1.00757e+016 1.00844e+016 1.39191e-006 5.02244 -214.053
0.0044 9.9624e+015 9.92514e+015 -5.9697e-006 5.04306 -239.904
0.0045 1.00034e+016 1.00339e+016 4.89914e-006 5.07042 -245.95
0.0046 9.99549e+015 1.00306e+016 5.63337e-006 5.09225 -186.472
0.0047 9.9178e+015 9.97901e+015 9.80636e-006 5.10771 -99.2831
0.0048 9.9458e+015 1.007e+016 1.9898e-005 5.11211 68.4585
0.0049 1.00765e+016 9.9368e+015 -2.23738e-005 5.09402 54.477
0.005 9.93985e+015 1.00402e+016 1.6083e-005 5.10121 18.9521
0.0051 1.00866e+016 9.91595e+015 -2.73377e-005 5.09023 -44.6037
0.0052 1.00477e+016 1.00024e+016 -7.26768e-006 5.11013 -240.022
0.0053 9.93087e+015 1.00527e+016 1.95276e-005 5.13824 -170.79
0.0054 1.00382e+016 1.00203e+016 -2.86606e-006 5.14429 -76.7012
0.0055 1.00655e+016 1.00097e+016 -8.94259e-006 5.15358 -143.385
0.0056 9.99253e+015 9.90521e+015 -1.39907e-005 5.17297 -272.891
0.0057 9.71817e+015 9.93143e+015 3.41689e-005 5.20816 -158.943
0.0058 1.00223e+016 1.00346e+016 1.96874e-006 5.20475 45.1276
0.0059 9.99667e+015 1.00115e+016 2.36906e-006 5.19913 69.6233
0.006 9.7986e+015 9.93472e+015 2.18094e-005 5.19083 206.16
0.0061 1.00173e+016 1.01078e+016 1.44954e-005 5.1579 411.175
0.0062 1.00934e+016 9.91292e+015 -2.89233e-005 5.10859 329.701
0.0063 9.9485e+015 9.99808e+015 7.94428e-006 5.09196 211.231
0.0064 9.95243e+015 9.90235e+015 -8.02359e-006 5.06635 210.783
0.0065 1.00911e+016 9.9307e+015 -2.57053e-005 5.0498 20.3151
0.0066 1.01264e+016 1.01505e+016 3.85645e-006 5.06229 -103.066
0.0067 1.01261e+016 1.00355e+016 -1.45202e-005 5.07041 -163.285
0.0068 1.00256e+016 1.00564e+016 4.93372e-006 5.09494 -217.42
0.0069 9.89772e+015 9.98152e+015 1.34263e-005 5.1139 -113.741
0.007 1.00981e+016 1.02496e+016 2.4282e-005 5.11769 99.1998
0.0071 1.0078e+016 9.92445e+015 -2.46085e-005 5.09406 97.356
0.0072 9.94463e+015 9.95165e+015 1.12509e-006 5.09822 -35.2562
0.0073 9.9554e+015 9.94386e+015 -1.84797e-006 5.10111 -39.3383
0.0074 1.00253e+016 1.0081e+016 8.9161e-006 5.10609 0.575725
0.0075 9.84007e+015 9.91175e+015 1.14835e-005 5.10099 115.773
0.0076 1.00606e+016 9.88145e+015 -2.86972e-005 5.08293 18.5665
0.0077 9.94807e+015 9.87531e+015 -1.16576e-005 5.09728 -209.319
0.0078 9.95802e+015 9.81419e+015 -2.30432e-005 5.1248 -405.276
0.0079 9.94723e+015 1.01378e+016 3.05388e-005 5.17834 -362.948
0.008 1.00804e+016 1.01318e+016 8.24706e-006 5.19739 -143.922
0.0081 9.84414e+015 9.99583e+015 2.43032e-005 5.20712 39.8903
0.0082 9.99081e+015 9.95294e+015 -6.06724e-006 5.18941 142.87
0.0083 9.99181e+015 1.00428e+016 8.17378e-006 5.17855 154.765
0.0084 1.00156e+016 9.97242e+015 -6.91966e-006 5.15845 161.847
0.0085 1.00266e+016 9.91969e+015 -1.71343e-005 5.14618 26.0138
0.0086 1.00058e+016 1.00838e+016 1.2492e-005 5.15325 -0.201456
0.0087 1.0152e+016 9.92651e+015 -3.61228e-005 5.14622 -133.646
0.0088 9.68397e+015 9.90495e+015 3.5405e-005 5.17998 -137.7
0.0089 9.49156e+015 9.74323e+015 4.03223e-005 5.17376 289.935
0.009 9.33861e+015 9.47959e+015 2.25884e-005 5.12199 645.195
0.0091 9.09697e+015 9.2544e+015 2.52243e-005 5.04472 915.195
0.0092 8.61352e+015 9e+015 6.19216e-005 4.93895 1407.31
0.0093 7.91685e+015 8.5395e+015 9.97596e-005 4.76326 2320.33
0.0094 7.44618e+015 7.77148e+015 5.21191e-005 4.47489 3178
0.0095 6.51999e+015 6.96089e+015 7.06398e-005 4.12766 3871.22
0.0096 5.61746e+015 6.27311e+015 0.000105047 3.70064 4863.33
0.0097 4.59528e+015 5.54519e+015 0.000152193 3.15499 6315.98
0.0098 3.12742e+015 4.77611e+015 0.000264149 2.43745 8667.08
0.0099 1.84629e+015 4.08834e+015 0.000359215 1.42157 12187.2
0.01 9.01808e+014 3.69719e+015 0.000447869 0 14215.7
