215 426
9 3.061617e-015 -7.498799e-031 2.000000e+002
10 3.061617e-015 -7.498799e-031 1.000000e+002
127 2.169419e+001 -5.313543e-015 1.049516e+002
128 3.909157e+001 -9.574674e-015 1.188255e+002
129 4.874640e+001 -1.193942e-014 1.388740e+002
130 4.874640e+001 -1.193942e-014 1.611260e+002
131 3.909157e+001 -9.574674e-015 1.811745e+002
132 2.169419e+001 -5.313543e-015 1.950484e+002
1015 -6.935473e+000 4.494052e+001 1.707906e+002
1016 -6.956589e+000 -4.493777e+001 1.707895e+002
1017 4.338059e+001 -1.307807e+001 1.711445e+002
1018 1.852035e+001 -2.995164e+001 1.145050e+002
1019 -2.674029e+001 -2.288312e+001 1.144849e+002
1020 4.338114e+001 1.306981e+001 1.711484e+002
1021 -2.673893e+001 2.288183e+001 1.144831e+002
1022 1.851881e+001 2.995217e+001 1.145046e+002
1023 -4.547312e+001 -8.538558e-003 1.707893e+002
1024 2.017990e+001 -1.628114e+001 1.927516e+002
1025 5.206639e+000 -2.571907e+001 1.925608e+002
1026 2.396169e+001 -3.864053e+001 1.708026e+002
1027 9.803883e+000 -4.818082e+001 1.409175e+002
1028 -2.390938e+001 -4.296290e+001 1.409154e+002
1029 -5.423170e+000 -3.464610e+001 1.143596e+002
1030 1.042772e+001 -7.614453e+000 1.016959e+002
1031 1.790203e+000 -1.256699e+001 1.016382e+002
1032 -6.575824e+000 -9.112189e+000 1.012791e+002
1033 -1.358400e+001 -4.994600e+000 1.021405e+002
1034 3.426908e+001 -1.209958e+001 1.156601e+002
1035 3.860105e+001 -3.043260e+001 1.408449e+002
1036 5.446944e+000 2.584544e+001 1.924540e+002
1037 2.012037e+001 1.621178e+001 1.928059e+002
1038 2.396001e+001 3.864129e+001 1.708031e+002
1039 -2.390918e+001 4.296303e+001 1.409155e+002
1040 9.804214e+000 4.818079e+001 1.409177e+002
1041 -5.423067e+000 3.463453e+001 1.143484e+002
1042 -1.358985e+001 4.996243e+000 1.021424e+002
1043 -6.571921e+000 9.107528e+000 1.012777e+002
1044 1.787523e+000 1.255347e+001 1.016346e+002
1045 1.041899e+001 7.606002e+000 1.016927e+002
1046 3.426827e+001 1.210109e+001 1.156598e+002
1047 3.860196e+001 3.043329e+001 1.408510e+002
1048 -3.520588e+001 1.610086e-004 1.144958e+002
1049 -4.611374e+001 1.705900e+001 1.409163e+002
1050 -3.452164e+001 2.959138e+001 1.707992e+002
1051 -4.611369e+001 -1.705917e+001 1.409164e+002
1052 -3.452338e+001 -2.959232e+001 1.707950e+002
1053 -1.236899e+001 2.295034e+001 1.926649e+002
1054 -1.280070e+001 -2.304721e+001 1.924849e+002
1055 -2.434595e+001 -9.214657e+000 1.926892e+002
1056 -2.440827e+001 9.009755e+000 1.926973e+002
1057 3.403514e+001 -7.508023e+000 1.858502e+002
1058 9.487936e+000 -1.170850e+001 1.976748e+002
1059 6.071381e+000 -1.557940e+001 1.971213e+002
1060 1.379140e+001 -2.261957e+001 1.924046e+002
1061 3.228645e+001 -1.761370e+001 1.838724e+002
1062 2.476424e+001 -2.777702e+001 1.833942e+002
1063 3.583278e+001 -2.794753e+001 1.708554e+002
1064 1.371707e+001 -3.468082e+001 1.833029e+002
1065 8.600687e-001 -3.725473e+001 1.833368e+002
1066 9.064154e+000 -4.457647e+001 1.707552e+002
1067 2.334949e+001 -8.559794e+000 1.933766e+002
1068 1.103719e+001 -7.107858e+000 1.982458e+002
1069 1.292517e+001 -3.276777e+000 1.981892e+002
1070 1.171610e+000 -4.960744e+001 1.561424e+002
1071 -1.611125e+001 -4.693235e+001 1.561467e+002
1072 -7.518864e+000 -4.858948e+001 1.409155e+002
1073 1.628018e+001 -4.106013e+001 1.265688e+002
1074 1.029104e+000 -4.414880e+001 1.265517e+002
1075 6.963265e+000 -3.451600e+001 1.145013e+002
1076 -1.434691e+001 -4.175657e+001 1.265361e+002
1077 -2.794476e+001 -3.419388e+001 1.265507e+002
1078 -1.710188e+001 -3.061903e+001 1.143629e+002
1079 1.597797e+001 -1.767439e+001 1.060418e+002
1080 8.161905e+000 -2.076142e+001 1.052524e+002
1081 6.675267e+000 -9.062620e+000 1.012834e+002
1082 -1.524210e+001 -1.804260e+001 1.059302e+002
1083 -2.082252e+001 -1.209910e+001 1.061818e+002
1084 -1.045615e+001 -8.057556e+000 1.017740e+002
1085 -1.528965e+000 -1.237621e+001 1.015800e+002
1086 -7.433421e+000 -2.048264e+001 1.049977e+002
1087 3.831303e-001 -2.365178e+001 1.059495e+002
1088 1.401209e+001 -4.161419e+000 1.021843e+002
1089 2.185911e+001 -1.173125e+001 1.065885e+002
1090 2.789352e+001 -2.200041e+001 1.148157e+002
1091 2.670536e+001 -5.871670e+000 1.081390e+002
1092 2.944934e+001 -3.296370e+001 1.266306e+002
1093 2.586604e+001 -4.181534e+001 1.409212e+002
1094 1.830056e+001 -4.612353e+001 1.561408e+002
1095 3.310409e+001 -3.696935e+001 1.561144e+002
1096 4.365321e+001 -2.367122e+001 1.558370e+002
1097 4.869141e+001 -1.070833e+001 1.538050e+002
1098 4.623914e+001 -1.640650e+001 1.403683e+002
1099 4.346559e+001 -9.947709e+000 1.273773e+002
1100 3.875420e+001 -2.149585e+001 1.268475e+002
1101 6.309229e+000 1.593057e+001 1.969724e+002
1102 9.456962e+000 1.179548e+001 1.976595e+002
1103 1.380748e+001 2.271025e+001 1.923509e+002
1104 9.688925e-001 3.724416e+001 1.833457e+002
1105 1.376337e+001 3.468681e+001 1.832775e+002
1106 9.084826e+000 4.457329e+001 1.707530e+002
1107 2.478890e+001 2.778381e+001 1.833702e+002
1108 3.233217e+001 1.758191e+001 1.838453e+002
1109 3.584581e+001 2.793353e+001 1.708518e+002
1110 3.403727e+001 7.496157e+000 1.858507e+002
1111 2.342235e+001 8.432204e+000 1.933623e+002
1112 1.309199e+001 3.146518e+000 1.981529e+002
1113 1.102132e+001 6.975985e+000 1.982687e+002
1114 -1.610727e+001 4.693353e+001 1.561481e+002
1115 1.176936e+000 4.960735e+001 1.561421e+002
1116 -7.517978e+000 4.858967e+001 1.409157e+002
1117 -2.794322e+001 3.419400e+001 1.265491e+002
1118 -1.434610e+001 4.175627e+001 1.265351e+002
1119 -1.709787e+001 3.061444e+001 1.143571e+002
1120 1.028478e+000 4.414658e+001 1.265475e+002
1121 1.627820e+001 4.106127e+001 1.265694e+002
1122 6.959433e+000 3.450777e+001 1.144925e+002
1123 -2.079016e+001 1.211442e+001 1.061707e+002
1124 -1.527712e+001 1.808107e+001 1.059582e+002
1125 -1.045786e+001 8.060925e+000 1.017750e+002
1126 8.140698e+000 2.071902e+001 1.052289e+002
1127 1.589711e+001 1.757968e+001 1.059746e+002
1128 6.663288e+000 9.046234e+000 1.012787e+002
1129 -1.527418e+000 1.235743e+001 1.015752e+002
1130 4.037598e-001 2.363794e+001 1.059423e+002
1131 -7.441499e+000 2.049980e+001 1.050069e+002
1132 1.400863e+001 4.158865e+000 1.021830e+002
1133 2.660508e+001 5.842334e+000 1.080710e+002
1134 2.190801e+001 1.178056e+001 1.066265e+002
1135 2.788668e+001 2.200799e+001 1.148150e+002
1136 4.869594e+001 1.068472e+001 1.538134e+002
1137 2.944415e+001 3.296999e+001 1.266329e+002
1138 2.586731e+001 4.181506e+001 1.409235e+002
1139 4.364202e+001 2.369529e+001 1.558230e+002
1140 3.309322e+001 3.697979e+001 1.561101e+002
1141 1.829677e+001 4.612525e+001 1.561392e+002
1142 4.623682e+001 1.641289e+001 1.403681e+002
1143 3.877180e+001 2.144898e+001 1.268334e+002
1144 4.346452e+001 9.996277e+000 1.273967e+002
1145 -1.223878e+001 -4.316438e-006 1.015210e+002
1146 -2.375906e+001 4.236274e+000 1.062100e+002
1147 -3.313503e+001 1.223568e+001 1.146113e+002
1148 -2.382970e+001 -4.246517e+000 1.062494e+002
1149 -3.314515e+001 -1.223414e+001 1.146203e+002
1150 -3.808895e+001 2.238505e+001 1.265876e+002
1151 -3.733250e+001 3.199885e+001 1.409249e+002
1152 -3.139196e+001 3.842820e+001 1.561496e+002
1153 -2.209933e+001 3.973934e+001 1.707943e+002
1154 -4.277589e+001 2.514767e+001 1.561496e+002
1155 -4.884429e+001 8.743212e+000 1.561475e+002
1156 -4.265033e+001 1.576859e+001 1.707918e+002
1157 -3.809011e+001 -2.238486e+001 1.265893e+002
1158 -3.733272e+001 -3.199870e+001 1.409252e+002
1159 -4.884375e+001 -8.746438e+000 1.561471e+002
1160 -4.277545e+001 -2.514862e+001 1.561488e+002
1161 -4.264686e+001 -1.578108e+001 1.707895e+002
1162 -3.139346e+001 -3.842717e+001 1.561485e+002
1163 -2.211543e+001 -3.973261e+001 1.707901e+002
1164 -4.916785e+001 -3.374424e-004 1.409158e+002
1165 -4.349272e+001 -7.782696e+000 1.265946e+002
1166 -4.349517e+001 7.784198e+000 1.265997e+002
1167 -1.197137e+001 3.525822e+001 1.833698e+002
1168 -3.582169e+000 2.595163e+001 1.925873e+002
1169 1.231519e+000 1.481581e+001 1.977386e+002
1170 -3.896332e+000 1.388527e+001 1.978750e+002
1171 -8.759110e+000 1.175412e+001 1.978029e+002
1172 -1.211215e+001 -3.524626e+001 1.833316e+002
1173 -4.093236e+000 -2.601951e+001 1.924998e+002
1174 -9.143375e+000 -1.207430e+001 1.976509e+002
1175 -5.520600e+000 -1.587942e+001 1.970889e+002
1176 2.241584e-001 -1.421501e+001 1.979362e+002
1177 -1.111770e+001 -7.419155e+000 1.981804e+002
1178 -1.974663e+001 -1.728758e+001 1.925583e+002
1179 -2.356240e+001 -2.890338e+001 1.833078e+002
1180 -3.209070e+001 -1.895235e+001 1.833316e+002
1181 -3.664906e+001 -6.620993e+000 1.833618e+002
1182 -1.105070e+001 7.203116e+000 1.982286e+002
1183 -1.963394e+001 1.718264e+001 1.926528e+002
1184 -3.665933e+001 6.526927e+000 1.833690e+002
1185 -3.209306e+001 1.889804e+001 1.833601e+002
1186 -2.348586e+001 2.892391e+001 1.833440e+002
1187 -2.618700e+001 -1.297475e-001 1.925937e+002
1188 -1.414979e+001 2.573277e+000 1.978870e+002
1189 -1.407881e+001 -2.765625e+000 1.978972e+002
1190 4.346098e+000 -3.722266e+000 1.003285e+002
1191 4.342291e+000 3.718824e+000 1.003279e+002
1192 4.700053e+000 -5.218730e+000 1.995043e+002
1193 -4.374878e+000 -3.806447e+000 1.003374e+002
1194 4.754619e+000 5.279348e+000 1.994926e+002
1195 -4.374505e+000 3.806312e+000 1.003374e+002
1196 -4.565287e+000 5.177333e+000 1.995212e+002
1197 -4.638472e+000 -5.338776e+000 1.994973e+002
1198 -6.542311e+000 -2.759744e+000 1.994933e+002
1199 -3.145491e+000 6.491382e+000 1.994769e+002
1200 -2.933490e+000 7.269639e+000 1.006184e+002
1201 3.525210e+000 7.972789e+000 1.992342e+002
1202 -2.933630e+000 -7.270238e+000 1.006185e+002
1203 6.328069e+000 -2.671453e+000 1.995259e+002
1204 5.753354e+000 2.761768e+000 1.004090e+002
1205 5.755996e+000 -2.763321e+000 1.004093e+002
1206 3.067148e+000 -7.254862e+000 1.006243e+002
1207 3.062885e+000 7.245379e+000 1.006226e+002
1208 3.338377e+000 -7.667819e+000 1.992956e+002
1209 -6.492443e+000 -2.725687e+000 1.004983e+002
1210 6.278253e+000 2.626879e+000 1.995347e+002
1211 -6.493348e+000 2.726163e+000 1.004984e+002
1212 -6.446807e+000 2.687961e+000 1.995097e+002
1213 -3.182798e+000 -7.759742e+000 1.992915e+002
1214 -2.926025e+000 -2.884022e+000 1.998309e+002
1215 -2.831544e+000 2.744237e+000 1.998443e+002
1216 -2.504994e+000 2.540730e+000 1.001275e+002
1217 2.933806e+000 2.838385e+000 1.998331e+002
1218 -2.505444e+000 -2.541153e+000 1.001275e+002
1219 2.908259e+000 -2.823094e+000 1.998355e+002
1220 2.456037e+000 2.488571e+000 1.001224e+002
1221 2.458802e+000 -2.491393e+000 1.001227e+002
2154 203 132 1067 1057 
2155 203 1057 1017 131 
2156 203 1060 1024 1058 
2157 203 1025 1060 1059 
2158 203 1058 1059 1060 
2159 203 1062 1061 1024 
2160 203 1063 1017 1061 
2161 203 1026 1063 1062 
2162 203 1061 1062 1063 
2163 203 1065 1064 1025 
2164 203 1066 1026 1064 
2165 203 1016 1066 1065 
2166 203 1064 1065 1066 
2167 203 1062 1064 1026 
2168 203 1060 1025 1064 
2169 203 1024 1060 1062 
2170 203 1064 1062 1060 
2171 203 1057 1061 1017 
2172 203 1067 1024 1061 
2173 203 1057 131 132 
2174 203 1061 1057 1067 
2175 203 1068 1058 1024 
2176 203 1059 1208 1176 
2177 203 1192 1208 1058 
2178 203 9 1203 1069 
2179 203 9 1069 132 
2180 203 10 1220 1204 
2181 203 1024 1067 1068 
2182 203 1069 1067 132 
2183 203 1069 1068 1067 
2184 203 1088 10 127 
2185 203 1071 1070 1016 
2186 203 1072 1027 1070 
2187 203 1028 1072 1071 
2188 203 1070 1071 1072 
2189 203 1074 1073 1027 
2190 203 1075 1018 1073 
2191 203 1029 1075 1074 
2192 203 1073 1074 1075 
2193 203 1077 1076 1028 
2194 203 1078 1029 1076 
2195 203 1019 1078 1077 
2196 203 1076 1077 1078 
2197 203 1074 1076 1029 
2198 203 1072 1028 1076 
2199 203 1027 1072 1074 
2200 203 1076 1074 1072 
2201 203 1080 1079 1018 
2202 203 1081 1030 1079 
2203 203 1031 1206 1080 
2204 203 1079 1080 1081 
2205 203 10 1044 1207 
2206 203 1190 1205 1030 
2207 203 10 1206 1031 
2208 203 1083 1082 1019 
2209 203 1084 1032 1082 
2210 203 1033 1084 1083 
2211 203 1082 1083 1084 
2212 203 9 1112 1210 
2213 203 1084 1193 1032 
2214 203 1085 1086 1202 
2215 203 1031 1085 10 
2216 203 1132 1204 1045 
2217 203 1086 1082 1032 
2218 203 1078 1019 1082 
2219 203 1029 1078 1086 
2220 203 1082 1086 1078 
2221 203 1080 1087 1031 
2222 203 1075 1029 1087 
2223 203 1018 1075 1080 
2224 203 1087 1080 1075 
2225 203 1086 1087 1029 
2226 203 1085 1031 1087 
2227 203 1032 1202 1086 
2228 203 1087 1086 1085 
2229 203 1089 1079 1030 
2230 203 1090 1018 1079 
2231 203 1034 1090 1089 
2232 203 1079 1089 1090 
2233 203 1091 127 128 
2234 203 128 1034 1091 
2235 203 1089 1091 1034 
2236 203 127 1091 1088 
2237 203 1030 1088 1089 
2238 203 1091 1089 1088 
2239 203 1092 1073 1018 
2240 203 1093 1027 1073 
2241 203 1035 1093 1092 
2242 203 1073 1092 1093 
2243 203 1094 1070 1027 
2244 203 1066 1016 1070 
2245 203 1026 1066 1094 
2246 203 1070 1094 1066 
2247 203 1096 1095 1035 
2248 203 1063 1026 1095 
2249 203 1017 1063 1096 
2250 203 1095 1096 1063 
2251 203 1094 1095 1026 
2252 203 1093 1035 1095 
2253 203 1027 1093 1094 
2254 203 1095 1094 1093 
2255 203 1017 1097 130 
2256 203 130 131 1017 
2257 203 1096 1097 1017 
2258 203 1098 129 1097 
2259 203 1035 1098 1096 
2260 203 1097 1096 1098 
2261 203 1092 1100 1035 
2262 203 129 1099 128 
2263 203 1099 1034 128 
2264 203 1090 1034 1100 
2265 203 1018 1090 1092 
2266 203 1100 1092 1090 
2267 203 1099 1100 1034 
2268 203 1098 1035 1100 
2269 203 1100 1099 1098 
2270 203 130 1097 129 
2271 203 1098 1099 129 
2272 203 1113 1210 1112 
2273 203 1103 1036 1101 
2274 203 1037 1103 1102 
2275 203 1101 1102 1103 
2276 203 1105 1104 1036 
2277 203 1106 1015 1104 
2278 203 1038 1106 1105 
2279 203 1104 1105 1106 
2280 203 1108 1107 1037 
2281 203 1109 1038 1107 
2282 203 1020 1109 1108 
2283 203 1107 1108 1109 
2284 203 1105 1107 1038 
2285 203 1103 1037 1107 
2286 203 1036 1103 1105 
2287 203 1107 1105 1103 
2288 203 1110 131 1020 
2289 203 130 1020 131 
2290 203 1108 1110 1020 
2291 203 132 131 1110 
2292 203 1037 1111 1108 
2293 203 1110 1108 1111 
2294 203 1102 1113 1037 
2295 203 132 1112 9 
2296 203 9 1201 1169 
2297 203 1111 1037 1113 
2298 203 1113 1112 1111 
2299 203 1110 1111 132 
2300 203 1111 1112 132 
2301 203 1115 1114 1015 
2302 203 1116 1039 1114 
2303 203 1040 1116 1115 
2304 203 1114 1115 1116 
2305 203 1118 1117 1039 
2306 203 1119 1021 1117 
2307 203 1041 1119 1118 
2308 203 1117 1118 1119 
2309 203 1121 1120 1040 
2310 203 1122 1041 1120 
2311 203 1022 1122 1121 
2312 203 1120 1121 1122 
2313 203 1118 1120 1041 
2314 203 1116 1040 1120 
2315 203 1039 1116 1118 
2316 203 1120 1118 1116 
2317 203 1124 1123 1021 
2318 203 1125 1042 1123 
2319 203 1043 1125 1124 
2320 203 1123 1124 1125 
2321 203 1195 1211 1125 
2322 203 10 1200 1129 
2323 203 1127 1126 1022 
2324 203 1128 1207 1126 
2325 203 1045 1128 1127 
2326 203 1126 1127 1128 
2327 203 1044 1126 1207 
2328 203 9 1217 1201 
2329 203 1129 1044 10 
2330 203 1130 1126 1044 
2331 203 1122 1022 1126 
2332 203 1041 1122 1130 
2333 203 1126 1130 1122 
2334 203 1124 1131 1043 
2335 203 1119 1041 1131 
2336 203 1021 1119 1124 
2337 203 1131 1124 1119 
2338 203 1130 1131 1041 
2339 203 1129 1200 1131 
2340 203 1044 1129 1130 
2341 203 1131 1130 1129 
2342 203 10 1088 1205 
2343 203 1045 1191 1128 
2344 203 127 10 1132 
2345 203 128 127 1133 
2346 203 1127 1134 1045 
2347 203 1135 1046 1134 
2348 203 1022 1135 1127 
2349 203 1134 1127 1135 
2350 203 1133 1134 1046 
2351 203 1132 1045 1134 
2352 203 1132 1133 127 
2353 203 1134 1133 1132 
2354 203 129 1136 130 
2355 203 1136 1020 130 
2356 203 1121 1137 1022 
2357 203 1138 1047 1137 
2358 203 1040 1138 1121 
2359 203 1137 1121 1138 
2360 203 1140 1139 1047 
2361 203 1109 1020 1139 
2362 203 1038 1109 1140 
2363 203 1139 1140 1109 
2364 203 1115 1141 1040 
2365 203 1106 1038 1141 
2366 203 1015 1106 1115 
2367 203 1141 1115 1106 
2368 203 1140 1141 1038 
2369 203 1138 1040 1141 
2370 203 1047 1138 1140 
2371 203 1141 1140 1138 
2372 203 1136 1139 1020 
2373 203 1142 1047 1139 
2374 203 1139 1136 1142 
2375 203 1143 1137 1047 
2376 203 1135 1022 1137 
2377 203 1046 1135 1143 
2378 203 1137 1143 1135 
2379 203 128 1144 129 
2380 203 1144 128 1046 
2381 203 1143 1144 1046 
2382 203 1133 1046 128 
2383 203 1047 1142 1143 
2384 203 1142 1136 129 
2385 203 1144 1142 129 
2386 203 1144 1143 1142 
2387 203 10 1209 1145 
2388 203 1146 1123 1042 
2389 203 1101 1201 1102 
2390 203 1042 1211 1145 
2391 203 1147 1021 1123 
2392 203 1048 1147 1146 
2393 203 1123 1146 1147 
2394 203 1083 1148 1033 
2395 203 1149 1048 1148 
2396 203 1019 1149 1083 
2397 203 1148 1083 1149 
2398 203 1146 1148 1048 
2399 203 1145 1033 1148 
2400 203 1042 1145 1146 
2401 203 1148 1146 1145 
2402 203 1150 1117 1021 
2403 203 1151 1039 1117 
2404 203 1049 1151 1150 
2405 203 1117 1150 1151 
2406 203 1152 1114 1039 
2407 203 1153 1015 1114 
2408 203 1050 1153 1152 
2409 203 1114 1152 1153 
2410 203 1155 1154 1049 
2411 203 1156 1050 1154 
2412 203 1023 1156 1155 
2413 203 1154 1155 1156 
2414 203 1152 1154 1050 
2415 203 1151 1049 1154 
2416 203 1039 1151 1152 
2417 203 1154 1152 1151 
2418 203 1077 1157 1019 
2419 203 1158 1051 1157 
2420 203 1028 1158 1077 
2421 203 1157 1077 1158 
2422 203 1160 1159 1051 
2423 203 1161 1023 1159 
2424 203 1052 1161 1160 
2425 203 1159 1160 1161 
2426 203 1071 1162 1028 
2427 203 1163 1052 1162 
2428 203 1016 1163 1071 
2429 203 1162 1071 1163 
2430 203 1160 1162 1052 
2431 203 1158 1028 1162 
2432 203 1051 1158 1160 
2433 203 1162 1160 1158 
2434 203 1155 1159 1023 
2435 203 1164 1051 1159 
2436 203 1049 1164 1155 
2437 203 1159 1155 1164 
2438 203 1165 1157 1051 
2439 203 1149 1019 1157 
2440 203 1048 1149 1165 
2441 203 1157 1165 1149 
2442 203 1150 1166 1049 
2443 203 1147 1048 1166 
2444 203 1021 1147 1150 
2445 203 1166 1150 1147 
2446 203 1165 1166 1048 
2447 203 1164 1049 1166 
2448 203 1051 1164 1165 
2449 203 1166 1165 1164 
2450 203 1167 1104 1015 
2451 203 1168 1036 1104 
2452 203 1053 1168 1167 
2453 203 1104 1167 1168 
2454 203 1169 1101 1036 
2455 203 10 1085 1202 
2456 203 1102 1194 1113 
2457 203 1169 1170 9 
2458 203 1171 1170 1053 
2459 203 1168 1053 1170 
2460 203 1036 1168 1169 
2461 203 1170 1169 1168 
2462 203 1065 1172 1016 
2463 203 1173 1054 1172 
2464 203 1025 1173 1065 
2465 203 1172 1065 1173 
2466 203 1175 1174 1054 
2467 203 1189 1055 1198 
2468 203 1174 1197 1177 
2469 203 1059 1176 1025 
2470 203 9 1189 1198 
2471 203 9 1213 1176 
2472 203 1173 1025 1176 
2473 203 1054 1173 1175 
2474 203 1176 1175 1173 
2475 203 1190 1081 1221 
2476 203 10 1205 1221 
2477 203 1191 1204 1220 
2478 203 10 1207 1220 
2479 203 1192 1068 1219 
2480 203 9 1208 1219 
2481 203 1193 1209 1218 
2482 203 10 1202 1218 
2483 203 1194 1201 1217 
2484 203 9 1210 1217 
2485 203 1195 1043 1216 
2486 203 10 1211 1216 
2487 203 1196 1182 1215 
2488 203 9 1199 1215 
2489 203 1197 1213 1214 
2490 203 9 1198 1214 
2491 203 1175 1176 1213 
2492 203 1197 1174 1213 
2493 203 1182 1056 1212 
2494 203 1212 1215 1182 
2495 203 1195 1216 1211 
2496 203 1042 1125 1211 
2497 203 1210 1113 1217 
2498 203 1194 1217 1113 
2499 203 1033 1145 1209 
2500 203 1193 1084 1209 
2501 203 1192 1219 1208 
2502 203 1059 1058 1208 
2503 203 1207 1128 1220 
2504 203 1191 1220 1128 
2505 203 1081 1080 1206 
2506 203 1206 1221 1081 
2507 203 1190 1221 1205 
2508 203 1088 1030 1205 
2509 203 1132 10 1204 
2510 203 1191 1045 1204 
2511 203 1068 1069 1203 
2512 203 1203 1219 1068 
2513 203 1202 1032 1218 
2514 203 1193 1218 1032 
2515 203 1101 1169 1201 
2516 203 1194 1102 1201 
2517 203 1043 1131 1200 
2518 203 1200 1216 1043 
2519 203 1196 1215 1199 
2520 203 1170 1171 1199 
2521 203 1198 1177 1214 
2522 203 1197 1214 1177 
2523 203 1175 1213 1174 
2524 203 9 1170 1199 
2525 203 1171 1182 1196 
2526 203 10 1216 1200 
2527 203 1125 1043 1195 
2528 203 9 1215 1212 
2529 203 10 1145 1211 
2530 203 1033 1209 1084 
2531 203 9 1219 1203 
2532 203 1058 1068 1192 
2533 203 10 1218 1209 
2534 203 1178 1054 1174 
2535 203 1055 1178 1177 
2536 203 1174 1177 1178 
2537 203 1179 1172 1054 
2538 203 1163 1016 1172 
2539 203 1052 1163 1179 
2540 203 1172 1179 1163 
2541 203 1181 1180 1055 
2542 203 1161 1052 1180 
2543 203 1023 1161 1181 
2544 203 1180 1181 1161 
2545 203 1179 1180 1052 
2546 203 1178 1055 1180 
2547 203 1054 1178 1179 
2548 203 1180 1179 1178 
2549 203 9 1212 1188 
2550 203 1183 1056 1182 
2551 203 1053 1183 1171 
2552 203 1182 1171 1183 
2553 203 1185 1184 1056 
2554 203 1156 1023 1184 
2555 203 1050 1156 1185 
2556 203 1184 1185 1156 
2557 203 1167 1186 1053 
2558 203 1153 1050 1186 
2559 203 1015 1153 1167 
2560 203 1186 1167 1153 
2561 203 1185 1186 1050 
2562 203 1183 1053 1186 
2563 203 1056 1183 1185 
2564 203 1186 1185 1183 
2565 203 1181 1184 1023 
2566 203 1187 1056 1184 
2567 203 1055 1187 1181 
2568 203 1184 1181 1187 
2569 203 1188 1212 1056 
2570 203 1196 1199 1171 
2571 203 9 1214 1213 
2572 203 1177 1198 1055 
2573 203 9 1176 1208 
2574 203 1030 1081 1190 
2575 203 1187 1055 1189 
2576 203 1188 1189 9 
2577 203 10 1221 1206 
2578 203 1056 1187 1188 
2579 203 1189 1188 1187 
